atom x[N] y[N] z[N]
0 6.1286e-14 6.1286e-14 6.1286e-14 
1 6.1286e-14 6.1286e-14 6.1286e-14 
2 6.1286e-14 6.1286e-14 6.1286e-14 
3 6.1286e-14 6.1286e-14 6.1286e-14 
4 6.1286e-14 6.1286e-14 6.1286e-14 
5 6.1286e-14 6.1286e-14 6.1286e-14 
6 6.1286e-14 6.1286e-14 6.1286e-14 
7 6.1286e-14 6.1286e-14 6.1286e-14 
8 6.1286e-14 6.1286e-14 6.1286e-14 
9 -6.1286e-14 6.1286e-14 6.1286e-14 
10 -6.1286e-14 6.1286e-14 6.1286e-14 
11 6.1286e-14 6.1286e-14 6.1286e-14 
12 -6.1286e-14 6.1286e-14 6.1286e-14 
13 -6.1286e-14 6.1286e-14 6.1286e-14 
14 -6.1286e-14 6.1286e-14 6.1286e-14 
15 -6.1286e-14 6.1286e-14 6.1286e-14 
16 -6.1286e-14 6.1286e-14 6.1286e-14 
17 -6.1286e-14 6.1286e-14 6.1286e-14 
18 -6.1286e-14 6.1286e-14 6.1286e-14 
19 -6.1286e-14 6.1286e-14 6.1286e-14 
20 6.1286e-14 6.1286e-14 6.1286e-14 
21 6.1286e-14 6.1286e-14 6.1286e-14 
22 6.1286e-14 6.1286e-14 6.1286e-14 
23 6.1286e-14 6.1286e-14 6.1286e-14 
24 6.1286e-14 6.1286e-14 6.1286e-14 
25 6.1286e-14 6.1286e-14 6.1286e-14 
26 6.1286e-14 6.1286e-14 6.1286e-14 
27 6.1286e-14 6.1286e-14 6.1286e-14 
28 6.1286e-14 6.1286e-14 6.1286e-14 
29 -6.1286e-14 6.1286e-14 6.1286e-14 
30 -6.1286e-14 6.1286e-14 6.1286e-14 
31 6.1286e-14 6.1286e-14 6.1286e-14 
32 -6.1286e-14 6.1286e-14 6.1286e-14 
33 -6.1286e-14 6.1286e-14 6.1286e-14 
34 -6.1286e-14 6.1286e-14 6.1286e-14 
35 -6.1286e-14 6.1286e-14 6.1286e-14 
36 -6.1286e-14 6.1286e-14 6.1286e-14 
37 -6.1286e-14 6.1286e-14 6.1286e-14 
38 -6.1286e-14 6.1286e-14 6.1286e-14 
39 -6.1286e-14 6.1286e-14 6.1286e-14 
40 6.1286e-14 6.1286e-14 6.1286e-14 
41 6.1286e-14 -6.1286e-14 6.1286e-14 
42 6.1286e-14 6.1286e-14 6.1286e-14 
43 6.1286e-14 -6.1286e-14 6.1286e-14 
44 6.1286e-14 6.1286e-14 6.1286e-14 
45 6.1286e-14 -6.1286e-14 6.1286e-14 
46 6.1286e-14 6.1286e-14 6.1286e-14 
47 6.1286e-14 -6.1286e-14 6.1286e-14 
48 6.1286e-14 6.1286e-14 6.1286e-14 
49 -6.1286e-14 -6.1286e-14 6.1286e-14 
50 -6.1286e-14 6.1286e-14 6.1286e-14 
51 6.1286e-14 -6.1286e-14 6.1286e-14 
52 -6.1286e-14 6.1286e-14 6.1286e-14 
53 -6.1286e-14 -6.1286e-14 6.1286e-14 
54 -6.1286e-14 6.1286e-14 6.1286e-14 
55 -6.1286e-14 -6.1286e-14 6.1286e-14 
56 -6.1286e-14 6.1286e-14 6.1286e-14 
57 -6.1286e-14 -6.1286e-14 6.1286e-14 
58 -6.1286e-14 6.1286e-14 6.1286e-14 
59 -6.1286e-14 -6.1286e-14 6.1286e-14 
60 6.1286e-14 -6.1286e-14 6.1286e-14 
61 6.1286e-14 -6.1286e-14 6.1286e-14 
62 6.1286e-14 -6.1286e-14 6.1286e-14 
63 6.1286e-14 -6.1286e-14 6.1286e-14 
64 6.1286e-14 -6.1286e-14 6.1286e-14 
65 6.1286e-14 -6.1286e-14 6.1286e-14 
66 6.1286e-14 -6.1286e-14 6.1286e-14 
67 6.1286e-14 -6.1286e-14 6.1286e-14 
68 6.1286e-14 -6.1286e-14 6.1286e-14 
69 -6.1286e-14 -6.1286e-14 6.1286e-14 
70 -6.1286e-14 -6.1286e-14 6.1286e-14 
71 6.1286e-14 -6.1286e-14 6.1286e-14 
72 -6.1286e-14 -6.1286e-14 6.1286e-14 
73 -6.1286e-14 -6.1286e-14 6.1286e-14 
74 -6.1286e-14 -6.1286e-14 6.1286e-14 
75 -6.1286e-14 -6.1286e-14 6.1286e-14 
76 -6.1286e-14 -6.1286e-14 6.1286e-14 
77 -6.1286e-14 -6.1286e-14 6.1286e-14 
78 -6.1286e-14 -6.1286e-14 6.1286e-14 
79 -6.1286e-14 -6.1286e-14 6.1286e-14 
80 6.1286e-14 -6.1286e-14 6.1286e-14 
81 6.1286e-14 -6.1286e-14 6.1286e-14 
82 6.1286e-14 -6.1286e-14 6.1286e-14 
83 6.1286e-14 -6.1286e-14 6.1286e-14 
84 6.1286e-14 -6.1286e-14 6.1286e-14 
85 6.1286e-14 -6.1286e-14 6.1286e-14 
86 6.1286e-14 -6.1286e-14 6.1286e-14 
87 6.1286e-14 -6.1286e-14 6.1286e-14 
88 6.1286e-14 -6.1286e-14 6.1286e-14 
89 -6.1286e-14 -6.1286e-14 6.1286e-14 
90 -6.1286e-14 -6.1286e-14 6.1286e-14 
91 6.1286e-14 -6.1286e-14 6.1286e-14 
92 -6.1286e-14 -6.1286e-14 6.1286e-14 
93 -6.1286e-14 -6.1286e-14 6.1286e-14 
94 -6.1286e-14 -6.1286e-14 6.1286e-14 
95 -6.1286e-14 -6.1286e-14 6.1286e-14 
96 -6.1286e-14 -6.1286e-14 6.1286e-14 
97 -6.1286e-14 -6.1286e-14 6.1286e-14 
98 -6.1286e-14 -6.1286e-14 6.1286e-14 
99 -6.1286e-14 -6.1286e-14 6.1286e-14 
100 6.1286e-14 6.1286e-14 6.1286e-14 
101 6.1286e-14 6.1286e-14 6.1286e-14 
102 6.1286e-14 6.1286e-14 6.1286e-14 
103 6.1286e-14 6.1286e-14 6.1286e-14 
104 6.1286e-14 6.1286e-14 6.1286e-14 
105 6.1286e-14 6.1286e-14 6.1286e-14 
106 6.1286e-14 6.1286e-14 6.1286e-14 
107 6.1286e-14 6.1286e-14 6.1286e-14 
108 6.1286e-14 6.1286e-14 6.1286e-14 
109 -6.1286e-14 6.1286e-14 6.1286e-14 
110 -6.1286e-14 6.1286e-14 6.1286e-14 
111 6.1286e-14 6.1286e-14 6.1286e-14 
112 -6.1286e-14 6.1286e-14 6.1286e-14 
113 -6.1286e-14 6.1286e-14 6.1286e-14 
114 -6.1286e-14 6.1286e-14 6.1286e-14 
115 -6.1286e-14 6.1286e-14 6.1286e-14 
116 -6.1286e-14 6.1286e-14 6.1286e-14 
117 -6.1286e-14 6.1286e-14 6.1286e-14 
118 -6.1286e-14 6.1286e-14 6.1286e-14 
119 -6.1286e-14 6.1286e-14 6.1286e-14 
120 6.1286e-14 6.1286e-14 6.1286e-14 
121 6.1286e-14 6.1286e-14 6.1286e-14 
122 6.1286e-14 6.1286e-14 6.1286e-14 
123 6.1286e-14 6.1286e-14 6.1286e-14 
124 6.1286e-14 6.1286e-14 6.1286e-14 
125 6.1286e-14 6.1286e-14 6.1286e-14 
126 6.1286e-14 6.1286e-14 6.1286e-14 
127 6.1286e-14 6.1286e-14 6.1286e-14 
128 6.1286e-14 6.1286e-14 6.1286e-14 
129 -6.1286e-14 6.1286e-14 6.1286e-14 
130 -6.1286e-14 6.1286e-14 6.1286e-14 
131 6.1286e-14 6.1286e-14 6.1286e-14 
132 -6.1286e-14 6.1286e-14 6.1286e-14 
133 -6.1286e-14 6.1286e-14 6.1286e-14 
134 -6.1286e-14 6.1286e-14 6.1286e-14 
135 -6.1286e-14 6.1286e-14 6.1286e-14 
136 -6.1286e-14 6.1286e-14 6.1286e-14 
137 -6.1286e-14 6.1286e-14 6.1286e-14 
138 -6.1286e-14 6.1286e-14 6.1286e-14 
139 -6.1286e-14 6.1286e-14 6.1286e-14 
140 6.1286e-14 6.1286e-14 6.1286e-14 
141 6.1286e-14 -6.1286e-14 6.1286e-14 
142 6.1286e-14 6.1286e-14 6.1286e-14 
143 6.1286e-14 -6.1286e-14 6.1286e-14 
144 6.1286e-14 6.1286e-14 6.1286e-14 
145 6.1286e-14 -6.1286e-14 6.1286e-14 
146 6.1286e-14 6.1286e-14 6.1286e-14 
147 6.1286e-14 -6.1286e-14 6.1286e-14 
148 6.1286e-14 6.1286e-14 6.1286e-14 
149 -6.1286e-14 -6.1286e-14 6.1286e-14 
150 -6.1286e-14 6.1286e-14 6.1286e-14 
151 6.1286e-14 -6.1286e-14 6.1286e-14 
152 -6.1286e-14 6.1286e-14 6.1286e-14 
153 -6.1286e-14 -6.1286e-14 6.1286e-14 
154 -6.1286e-14 6.1286e-14 6.1286e-14 
155 -6.1286e-14 -6.1286e-14 6.1286e-14 
156 -6.1286e-14 6.1286e-14 6.1286e-14 
157 -6.1286e-14 -6.1286e-14 6.1286e-14 
158 -6.1286e-14 6.1286e-14 6.1286e-14 
159 -6.1286e-14 -6.1286e-14 6.1286e-14 
160 6.1286e-14 -6.1286e-14 6.1286e-14 
161 6.1286e-14 -6.1286e-14 6.1286e-14 
162 6.1286e-14 -6.1286e-14 6.1286e-14 
163 6.1286e-14 -6.1286e-14 6.1286e-14 
164 6.1286e-14 -6.1286e-14 6.1286e-14 
165 6.1286e-14 -6.1286e-14 6.1286e-14 
166 6.1286e-14 -6.1286e-14 6.1286e-14 
167 6.1286e-14 -6.1286e-14 6.1286e-14 
168 6.1286e-14 -6.1286e-14 6.1286e-14 
169 -6.1286e-14 -6.1286e-14 6.1286e-14 
170 -6.1286e-14 -6.1286e-14 6.1286e-14 
171 6.1286e-14 -6.1286e-14 6.1286e-14 
172 -6.1286e-14 -6.1286e-14 6.1286e-14 
173 -6.1286e-14 -6.1286e-14 6.1286e-14 
174 -6.1286e-14 -6.1286e-14 6.1286e-14 
175 -6.1286e-14 -6.1286e-14 6.1286e-14 
176 -6.1286e-14 -6.1286e-14 6.1286e-14 
177 -6.1286e-14 -6.1286e-14 6.1286e-14 
178 -6.1286e-14 -6.1286e-14 6.1286e-14 
179 -6.1286e-14 -6.1286e-14 6.1286e-14 
180 6.1286e-14 -6.1286e-14 6.1286e-14 
181 6.1286e-14 -6.1286e-14 6.1286e-14 
182 6.1286e-14 -6.1286e-14 6.1286e-14 
183 6.1286e-14 -6.1286e-14 6.1286e-14 
184 6.1286e-14 -6.1286e-14 6.1286e-14 
185 6.1286e-14 -6.1286e-14 6.1286e-14 
186 6.1286e-14 -6.1286e-14 6.1286e-14 
187 6.1286e-14 -6.1286e-14 6.1286e-14 
188 6.1286e-14 -6.1286e-14 6.1286e-14 
189 -6.1286e-14 -6.1286e-14 6.1286e-14 
190 -6.1286e-14 -6.1286e-14 6.1286e-14 
191 6.1286e-14 -6.1286e-14 6.1286e-14 
192 -6.1286e-14 -6.1286e-14 6.1286e-14 
193 -6.1286e-14 -6.1286e-14 6.1286e-14 
194 -6.1286e-14 -6.1286e-14 6.1286e-14 
195 -6.1286e-14 -6.1286e-14 6.1286e-14 
196 -6.1286e-14 -6.1286e-14 6.1286e-14 
197 -6.1286e-14 -6.1286e-14 6.1286e-14 
198 -6.1286e-14 -6.1286e-14 6.1286e-14 
199 -6.1286e-14 -6.1286e-14 6.1286e-14 
200 6.1286e-14 6.1286e-14 6.1286e-14 
201 6.1286e-14 6.1286e-14 6.1286e-14 
202 6.1286e-14 6.1286e-14 -6.1286e-14 
203 6.1286e-14 6.1286e-14 -6.1286e-14 
204 6.1286e-14 6.1286e-14 6.1286e-14 
205 6.1286e-14 6.1286e-14 6.1286e-14 
206 6.1286e-14 6.1286e-14 -6.1286e-14 
207 6.1286e-14 6.1286e-14 -6.1286e-14 
208 6.1286e-14 6.1286e-14 6.1286e-14 
209 -6.1286e-14 6.1286e-14 6.1286e-14 
210 -6.1286e-14 6.1286e-14 -6.1286e-14 
211 6.1286e-14 6.1286e-14 -6.1286e-14 
212 -6.1286e-14 6.1286e-14 6.1286e-14 
213 -6.1286e-14 6.1286e-14 6.1286e-14 
214 -6.1286e-14 6.1286e-14 -6.1286e-14 
215 -6.1286e-14 6.1286e-14 -6.1286e-14 
216 -6.1286e-14 6.1286e-14 6.1286e-14 
217 -6.1286e-14 6.1286e-14 6.1286e-14 
218 -6.1286e-14 6.1286e-14 -6.1286e-14 
219 -6.1286e-14 6.1286e-14 -6.1286e-14 
220 6.1286e-14 6.1286e-14 6.1286e-14 
221 6.1286e-14 6.1286e-14 6.1286e-14 
222 6.1286e-14 6.1286e-14 -6.1286e-14 
223 6.1286e-14 6.1286e-14 -6.1286e-14 
224 6.1286e-14 6.1286e-14 6.1286e-14 
225 6.1286e-14 6.1286e-14 6.1286e-14 
226 6.1286e-14 6.1286e-14 -6.1286e-14 
227 6.1286e-14 6.1286e-14 -6.1286e-14 
228 6.1286e-14 6.1286e-14 6.1286e-14 
229 -6.1286e-14 6.1286e-14 6.1286e-14 
230 -6.1286e-14 6.1286e-14 -6.1286e-14 
231 6.1286e-14 6.1286e-14 -6.1286e-14 
232 -6.1286e-14 6.1286e-14 6.1286e-14 
233 -6.1286e-14 6.1286e-14 6.1286e-14 
234 -6.1286e-14 6.1286e-14 -6.1286e-14 
235 -6.1286e-14 6.1286e-14 -6.1286e-14 
236 -6.1286e-14 6.1286e-14 6.1286e-14 
237 -6.1286e-14 6.1286e-14 6.1286e-14 
238 -6.1286e-14 6.1286e-14 -6.1286e-14 
239 -6.1286e-14 6.1286e-14 -6.1286e-14 
240 6.1286e-14 6.1286e-14 6.1286e-14 
241 6.1286e-14 -6.1286e-14 6.1286e-14 
242 6.1286e-14 6.1286e-14 -6.1286e-14 
243 6.1286e-14 -6.1286e-14 -6.1286e-14 
244 6.1286e-14 6.1286e-14 6.1286e-14 
245 6.1286e-14 -6.1286e-14 6.1286e-14 
246 6.1286e-14 6.1286e-14 -6.1286e-14 
247 6.1286e-14 -6.1286e-14 -6.1286e-14 
248 6.1286e-14 6.1286e-14 6.1286e-14 
249 -6.1286e-14 -6.1286e-14 6.1286e-14 
250 -6.1286e-14 6.1286e-14 -6.1286e-14 
251 6.1286e-14 -6.1286e-14 -6.1286e-14 
252 -6.1286e-14 6.1286e-14 6.1286e-14 
253 -6.1286e-14 -6.1286e-14 6.1286e-14 
254 -6.1286e-14 6.1286e-14 -6.1286e-14 
255 -6.1286e-14 -6.1286e-14 -6.1286e-14 
256 -6.1286e-14 6.1286e-14 6.1286e-14 
257 -6.1286e-14 -6.1286e-14 6.1286e-14 
258 -6.1286e-14 6.1286e-14 -6.1286e-14 
259 -6.1286e-14 -6.1286e-14 -6.1286e-14 
260 6.1286e-14 -6.1286e-14 6.1286e-14 
261 6.1286e-14 -6.1286e-14 6.1286e-14 
262 6.1286e-14 -6.1286e-14 -6.1286e-14 
263 6.1286e-14 -6.1286e-14 -6.1286e-14 
264 6.1286e-14 -6.1286e-14 6.1286e-14 
265 6.1286e-14 -6.1286e-14 6.1286e-14 
266 6.1286e-14 -6.1286e-14 -6.1286e-14 
267 6.1286e-14 -6.1286e-14 -6.1286e-14 
268 6.1286e-14 -6.1286e-14 6.1286e-14 
269 -6.1286e-14 -6.1286e-14 6.1286e-14 
270 -6.1286e-14 -6.1286e-14 -6.1286e-14 
271 6.1286e-14 -6.1286e-14 -6.1286e-14 
272 -6.1286e-14 -6.1286e-14 6.1286e-14 
273 -6.1286e-14 -6.1286e-14 6.1286e-14 
274 -6.1286e-14 -6.1286e-14 -6.1286e-14 
275 -6.1286e-14 -6.1286e-14 -6.1286e-14 
276 -6.1286e-14 -6.1286e-14 6.1286e-14 
277 -6.1286e-14 -6.1286e-14 6.1286e-14 
278 -6.1286e-14 -6.1286e-14 -6.1286e-14 
279 -6.1286e-14 -6.1286e-14 -6.1286e-14 
280 6.1286e-14 -6.1286e-14 6.1286e-14 
281 6.1286e-14 -6.1286e-14 6.1286e-14 
282 6.1286e-14 -6.1286e-14 -6.1286e-14 
283 6.1286e-14 -6.1286e-14 -6.1286e-14 
284 6.1286e-14 -6.1286e-14 6.1286e-14 
285 6.1286e-14 -6.1286e-14 6.1286e-14 
286 6.1286e-14 -6.1286e-14 -6.1286e-14 
287 6.1286e-14 -6.1286e-14 -6.1286e-14 
288 6.1286e-14 -6.1286e-14 6.1286e-14 
289 -6.1286e-14 -6.1286e-14 6.1286e-14 
290 -6.1286e-14 -6.1286e-14 -6.1286e-14 
291 6.1286e-14 -6.1286e-14 -6.1286e-14 
292 -6.1286e-14 -6.1286e-14 6.1286e-14 
293 -6.1286e-14 -6.1286e-14 6.1286e-14 
294 -6.1286e-14 -6.1286e-14 -6.1286e-14 
295 -6.1286e-14 -6.1286e-14 -6.1286e-14 
296 -6.1286e-14 -6.1286e-14 6.1286e-14 
297 -6.1286e-14 -6.1286e-14 6.1286e-14 
298 -6.1286e-14 -6.1286e-14 -6.1286e-14 
299 -6.1286e-14 -6.1286e-14 -6.1286e-14 
300 6.1286e-14 6.1286e-14 -6.1286e-14 
301 6.1286e-14 6.1286e-14 -6.1286e-14 
302 6.1286e-14 6.1286e-14 -6.1286e-14 
303 6.1286e-14 6.1286e-14 -6.1286e-14 
304 6.1286e-14 6.1286e-14 -6.1286e-14 
305 6.1286e-14 6.1286e-14 -6.1286e-14 
306 6.1286e-14 6.1286e-14 -6.1286e-14 
307 6.1286e-14 6.1286e-14 -6.1286e-14 
308 6.1286e-14 6.1286e-14 -6.1286e-14 
309 -6.1286e-14 6.1286e-14 -6.1286e-14 
310 -6.1286e-14 6.1286e-14 -6.1286e-14 
311 6.1286e-14 6.1286e-14 -6.1286e-14 
312 -6.1286e-14 6.1286e-14 -6.1286e-14 
313 -6.1286e-14 6.1286e-14 -6.1286e-14 
314 -6.1286e-14 6.1286e-14 -6.1286e-14 
315 -6.1286e-14 6.1286e-14 -6.1286e-14 
316 -6.1286e-14 6.1286e-14 -6.1286e-14 
317 -6.1286e-14 6.1286e-14 -6.1286e-14 
318 -6.1286e-14 6.1286e-14 -6.1286e-14 
319 -6.1286e-14 6.1286e-14 -6.1286e-14 
320 6.1286e-14 6.1286e-14 -6.1286e-14 
321 6.1286e-14 6.1286e-14 -6.1286e-14 
322 6.1286e-14 6.1286e-14 -6.1286e-14 
323 6.1286e-14 6.1286e-14 -6.1286e-14 
324 6.1286e-14 6.1286e-14 -6.1286e-14 
325 6.1286e-14 6.1286e-14 -6.1286e-14 
326 6.1286e-14 6.1286e-14 -6.1286e-14 
327 6.1286e-14 6.1286e-14 -6.1286e-14 
328 6.1286e-14 6.1286e-14 -6.1286e-14 
329 -6.1286e-14 6.1286e-14 -6.1286e-14 
330 -6.1286e-14 6.1286e-14 -6.1286e-14 
331 6.1286e-14 6.1286e-14 -6.1286e-14 
332 -6.1286e-14 6.1286e-14 -6.1286e-14 
333 -6.1286e-14 6.1286e-14 -6.1286e-14 
334 -6.1286e-14 6.1286e-14 -6.1286e-14 
335 -6.1286e-14 6.1286e-14 -6.1286e-14 
336 -6.1286e-14 6.1286e-14 -6.1286e-14 
337 -6.1286e-14 6.1286e-14 -6.1286e-14 
338 -6.1286e-14 6.1286e-14 -6.1286e-14 
339 -6.1286e-14 6.1286e-14 -6.1286e-14 
340 6.1286e-14 6.1286e-14 -6.1286e-14 
341 6.1286e-14 -6.1286e-14 -6.1286e-14 
342 6.1286e-14 6.1286e-14 -6.1286e-14 
343 6.1286e-14 -6.1286e-14 -6.1286e-14 
344 6.1286e-14 6.1286e-14 -6.1286e-14 
345 6.1286e-14 -6.1286e-14 -6.1286e-14 
346 6.1286e-14 6.1286e-14 -6.1286e-14 
347 6.1286e-14 -6.1286e-14 -6.1286e-14 
348 6.1286e-14 6.1286e-14 -6.1286e-14 
349 -6.1286e-14 -6.1286e-14 -6.1286e-14 
350 -6.1286e-14 6.1286e-14 -6.1286e-14 
351 6.1286e-14 -6.1286e-14 -6.1286e-14 
352 -6.1286e-14 6.1286e-14 -6.1286e-14 
353 -6.1286e-14 -6.1286e-14 -6.1286e-14 
354 -6.1286e-14 6.1286e-14 -6.1286e-14 
355 -6.1286e-14 -6.1286e-14 -6.1286e-14 
356 -6.1286e-14 6.1286e-14 -6.1286e-14 
357 -6.1286e-14 -6.1286e-14 -6.1286e-14 
358 -6.1286e-14 6.1286e-14 -6.1286e-14 
359 -6.1286e-14 -6.1286e-14 -6.1286e-14 
360 6.1286e-14 -6.1286e-14 -6.1286e-14 
361 6.1286e-14 -6.1286e-14 -6.1286e-14 
362 6.1286e-14 -6.1286e-14 -6.1286e-14 
363 6.1286e-14 -6.1286e-14 -6.1286e-14 
364 6.1286e-14 -6.1286e-14 -6.1286e-14 
365 6.1286e-14 -6.1286e-14 -6.1286e-14 
366 6.1286e-14 -6.1286e-14 -6.1286e-14 
367 6.1286e-14 -6.1286e-14 -6.1286e-14 
368 6.1286e-14 -6.1286e-14 -6.1286e-14 
369 -6.1286e-14 -6.1286e-14 -6.1286e-14 
370 -6.1286e-14 -6.1286e-14 -6.1286e-14 
371 6.1286e-14 -6.1286e-14 -6.1286e-14 
372 -6.1286e-14 -6.1286e-14 -6.1286e-14 
373 -6.1286e-14 -6.1286e-14 -6.1286e-14 
374 -6.1286e-14 -6.1286e-14 -6.1286e-14 
375 -6.1286e-14 -6.1286e-14 -6.1286e-14 
376 -6.1286e-14 -6.1286e-14 -6.1286e-14 
377 -6.1286e-14 -6.1286e-14 -6.1286e-14 
378 -6.1286e-14 -6.1286e-14 -6.1286e-14 
379 -6.1286e-14 -6.1286e-14 -6.1286e-14 
380 6.1286e-14 -6.1286e-14 -6.1286e-14 
381 6.1286e-14 -6.1286e-14 -6.1286e-14 
382 6.1286e-14 -6.1286e-14 -6.1286e-14 
383 6.1286e-14 -6.1286e-14 -6.1286e-14 
384 6.1286e-14 -6.1286e-14 -6.1286e-14 
385 6.1286e-14 -6.1286e-14 -6.1286e-14 
386 6.1286e-14 -6.1286e-14 -6.1286e-14 
387 6.1286e-14 -6.1286e-14 -6.1286e-14 
388 6.1286e-14 -6.1286e-14 -6.1286e-14 
389 -6.1286e-14 -6.1286e-14 -6.1286e-14 
390 -6.1286e-14 -6.1286e-14 -6.1286e-14 
391 6.1286e-14 -6.1286e-14 -6.1286e-14 
392 -6.1286e-14 -6.1286e-14 -6.1286e-14 
393 -6.1286e-14 -6.1286e-14 -6.1286e-14 
394 -6.1286e-14 -6.1286e-14 -6.1286e-14 
395 -6.1286e-14 -6.1286e-14 -6.1286e-14 
396 -6.1286e-14 -6.1286e-14 -6.1286e-14 
397 -6.1286e-14 -6.1286e-14 -6.1286e-14 
398 -6.1286e-14 -6.1286e-14 -6.1286e-14 
399 -6.1286e-14 -6.1286e-14 -6.1286e-14 
400 6.1286e-14 6.1286e-14 -6.1286e-14 
401 6.1286e-14 6.1286e-14 -6.1286e-14 
402 6.1286e-14 6.1286e-14 -6.1286e-14 
403 6.1286e-14 6.1286e-14 -6.1286e-14 
404 6.1286e-14 6.1286e-14 -6.1286e-14 
405 6.1286e-14 6.1286e-14 -6.1286e-14 
406 6.1286e-14 6.1286e-14 -6.1286e-14 
407 6.1286e-14 6.1286e-14 -6.1286e-14 
408 6.1286e-14 6.1286e-14 -6.1286e-14 
409 -6.1286e-14 6.1286e-14 -6.1286e-14 
410 -6.1286e-14 6.1286e-14 -6.1286e-14 
411 6.1286e-14 6.1286e-14 -6.1286e-14 
412 -6.1286e-14 6.1286e-14 -6.1286e-14 
413 -6.1286e-14 6.1286e-14 -6.1286e-14 
414 -6.1286e-14 6.1286e-14 -6.1286e-14 
415 -6.1286e-14 6.1286e-14 -6.1286e-14 
416 -6.1286e-14 6.1286e-14 -6.1286e-14 
417 -6.1286e-14 6.1286e-14 -6.1286e-14 
418 -6.1286e-14 6.1286e-14 -6.1286e-14 
419 -6.1286e-14 6.1286e-14 -6.1286e-14 
420 6.1286e-14 6.1286e-14 -6.1286e-14 
421 6.1286e-14 6.1286e-14 -6.1286e-14 
422 6.1286e-14 6.1286e-14 -6.1286e-14 
423 6.1286e-14 6.1286e-14 -6.1286e-14 
424 6.1286e-14 6.1286e-14 -6.1286e-14 
425 6.1286e-14 6.1286e-14 -6.1286e-14 
426 6.1286e-14 6.1286e-14 -6.1286e-14 
427 6.1286e-14 6.1286e-14 -6.1286e-14 
428 6.1286e-14 6.1286e-14 -6.1286e-14 
429 -6.1286e-14 6.1286e-14 -6.1286e-14 
430 -6.1286e-14 6.1286e-14 -6.1286e-14 
431 6.1286e-14 6.1286e-14 -6.1286e-14 
432 -6.1286e-14 6.1286e-14 -6.1286e-14 
433 -6.1286e-14 6.1286e-14 -6.1286e-14 
434 -6.1286e-14 6.1286e-14 -6.1286e-14 
435 -6.1286e-14 6.1286e-14 -6.1286e-14 
436 -6.1286e-14 6.1286e-14 -6.1286e-14 
437 -6.1286e-14 6.1286e-14 -6.1286e-14 
438 -6.1286e-14 6.1286e-14 -6.1286e-14 
439 -6.1286e-14 6.1286e-14 -6.1286e-14 
440 6.1286e-14 6.1286e-14 -6.1286e-14 
441 6.1286e-14 -6.1286e-14 -6.1286e-14 
442 6.1286e-14 6.1286e-14 -6.1286e-14 
443 6.1286e-14 -6.1286e-14 -6.1286e-14 
444 6.1286e-14 6.1286e-14 -6.1286e-14 
445 6.1286e-14 -6.1286e-14 -6.1286e-14 
446 6.1286e-14 6.1286e-14 -6.1286e-14 
447 6.1286e-14 -6.1286e-14 -6.1286e-14 
448 6.1286e-14 6.1286e-14 -6.1286e-14 
449 -6.1286e-14 -6.1286e-14 -6.1286e-14 
450 -6.1286e-14 6.1286e-14 -6.1286e-14 
451 6.1286e-14 -6.1286e-14 -6.1286e-14 
452 -6.1286e-14 6.1286e-14 -6.1286e-14 
453 -6.1286e-14 -6.1286e-14 -6.1286e-14 
454 -6.1286e-14 6.1286e-14 -6.1286e-14 
455 -6.1286e-14 -6.1286e-14 -6.1286e-14 
456 -6.1286e-14 6.1286e-14 -6.1286e-14 
457 -6.1286e-14 -6.1286e-14 -6.1286e-14 
458 -6.1286e-14 6.1286e-14 -6.1286e-14 
459 -6.1286e-14 -6.1286e-14 -6.1286e-14 
460 6.1286e-14 -6.1286e-14 -6.1286e-14 
461 6.1286e-14 -6.1286e-14 -6.1286e-14 
462 6.1286e-14 -6.1286e-14 -6.1286e-14 
463 6.1286e-14 -6.1286e-14 -6.1286e-14 
464 6.1286e-14 -6.1286e-14 -6.1286e-14 
465 6.1286e-14 -6.1286e-14 -6.1286e-14 
466 6.1286e-14 -6.1286e-14 -6.1286e-14 
467 6.1286e-14 -6.1286e-14 -6.1286e-14 
468 6.1286e-14 -6.1286e-14 -6.1286e-14 
469 -6.1286e-14 -6.1286e-14 -6.1286e-14 
470 -6.1286e-14 -6.1286e-14 -6.1286e-14 
471 6.1286e-14 -6.1286e-14 -6.1286e-14 
472 -6.1286e-14 -6.1286e-14 -6.1286e-14 
473 -6.1286e-14 -6.1286e-14 -6.1286e-14 
474 -6.1286e-14 -6.1286e-14 -6.1286e-14 
475 -6.1286e-14 -6.1286e-14 -6.1286e-14 
476 -6.1286e-14 -6.1286e-14 -6.1286e-14 
477 -6.1286e-14 -6.1286e-14 -6.1286e-14 
478 -6.1286e-14 -6.1286e-14 -6.1286e-14 
479 -6.1286e-14 -6.1286e-14 -6.1286e-14 
480 6.1286e-14 -6.1286e-14 -6.1286e-14 
481 6.1286e-14 -6.1286e-14 -6.1286e-14 
482 6.1286e-14 -6.1286e-14 -6.1286e-14 
483 6.1286e-14 -6.1286e-14 -6.1286e-14 
484 6.1286e-14 -6.1286e-14 -6.1286e-14 
485 6.1286e-14 -6.1286e-14 -6.1286e-14 
486 6.1286e-14 -6.1286e-14 -6.1286e-14 
487 6.1286e-14 -6.1286e-14 -6.1286e-14 
488 6.1286e-14 -6.1286e-14 -6.1286e-14 
489 -6.1286e-14 -6.1286e-14 -6.1286e-14 
490 -6.1286e-14 -6.1286e-14 -6.1286e-14 
491 6.1286e-14 -6.1286e-14 -6.1286e-14 
492 -6.1286e-14 -6.1286e-14 -6.1286e-14 
493 -6.1286e-14 -6.1286e-14 -6.1286e-14 
494 -6.1286e-14 -6.1286e-14 -6.1286e-14 
495 -6.1286e-14 -6.1286e-14 -6.1286e-14 
496 -6.1286e-14 -6.1286e-14 -6.1286e-14 
497 -6.1286e-14 -6.1286e-14 -6.1286e-14 
498 -6.1286e-14 -6.1286e-14 -6.1286e-14 
499 -6.1286e-14 -6.1286e-14 -6.1286e-14 
