atom x[m] y[m] z[m]
0 0 0 0 
1 2.85e-10 2.85e-10 0 
2 2.85e-10 0 2.85e-10 
3 0 2.85e-10 2.85e-10 
4 5.7e-10 0 0 
5 8.55e-10 2.85e-10 0 
6 8.55e-10 0 2.85e-10 
7 5.7e-10 2.85e-10 2.85e-10 
8 1.14e-09 0 0 
9 1.425e-09 2.85e-10 0 
10 1.425e-09 0 2.85e-10 
11 1.14e-09 2.85e-10 2.85e-10 
12 1.71e-09 0 0 
13 1.995e-09 2.85e-10 0 
14 1.995e-09 0 2.85e-10 
15 1.71e-09 2.85e-10 2.85e-10 
16 2.28e-09 0 0 
17 2.565e-09 2.85e-10 0 
18 2.565e-09 0 2.85e-10 
19 2.28e-09 2.85e-10 2.85e-10 
20 0 5.7e-10 0 
21 2.85e-10 8.55e-10 0 
22 2.85e-10 5.7e-10 2.85e-10 
23 0 8.55e-10 2.85e-10 
24 5.7e-10 5.7e-10 0 
25 8.55e-10 8.55e-10 0 
26 8.55e-10 5.7e-10 2.85e-10 
27 5.7e-10 8.55e-10 2.85e-10 
28 1.14e-09 5.7e-10 0 
29 1.425e-09 8.55e-10 0 
30 1.425e-09 5.7e-10 2.85e-10 
31 1.14e-09 8.55e-10 2.85e-10 
32 1.71e-09 5.7e-10 0 
33 1.995e-09 8.55e-10 0 
34 1.995e-09 5.7e-10 2.85e-10 
35 1.71e-09 8.55e-10 2.85e-10 
36 2.28e-09 5.7e-10 0 
37 2.565e-09 8.55e-10 0 
38 2.565e-09 5.7e-10 2.85e-10 
39 2.28e-09 8.55e-10 2.85e-10 
40 0 1.14e-09 0 
41 2.85e-10 1.425e-09 0 
42 2.85e-10 1.14e-09 2.85e-10 
43 0 1.425e-09 2.85e-10 
44 5.7e-10 1.14e-09 0 
45 8.55e-10 1.425e-09 0 
46 8.55e-10 1.14e-09 2.85e-10 
47 5.7e-10 1.425e-09 2.85e-10 
48 1.14e-09 1.14e-09 0 
49 1.425e-09 1.425e-09 0 
50 1.425e-09 1.14e-09 2.85e-10 
51 1.14e-09 1.425e-09 2.85e-10 
52 1.71e-09 1.14e-09 0 
53 1.995e-09 1.425e-09 0 
54 1.995e-09 1.14e-09 2.85e-10 
55 1.71e-09 1.425e-09 2.85e-10 
56 2.28e-09 1.14e-09 0 
57 2.565e-09 1.425e-09 0 
58 2.565e-09 1.14e-09 2.85e-10 
59 2.28e-09 1.425e-09 2.85e-10 
60 0 1.71e-09 0 
61 2.85e-10 1.995e-09 0 
62 2.85e-10 1.71e-09 2.85e-10 
63 0 1.995e-09 2.85e-10 
64 5.7e-10 1.71e-09 0 
65 8.55e-10 1.995e-09 0 
66 8.55e-10 1.71e-09 2.85e-10 
67 5.7e-10 1.995e-09 2.85e-10 
68 1.14e-09 1.71e-09 0 
69 1.425e-09 1.995e-09 0 
70 1.425e-09 1.71e-09 2.85e-10 
71 1.14e-09 1.995e-09 2.85e-10 
72 1.71e-09 1.71e-09 0 
73 1.995e-09 1.995e-09 0 
74 1.995e-09 1.71e-09 2.85e-10 
75 1.71e-09 1.995e-09 2.85e-10 
76 2.28e-09 1.71e-09 0 
77 2.565e-09 1.995e-09 0 
78 2.565e-09 1.71e-09 2.85e-10 
79 2.28e-09 1.995e-09 2.85e-10 
80 0 2.28e-09 0 
81 2.85e-10 2.565e-09 0 
82 2.85e-10 2.28e-09 2.85e-10 
83 0 2.565e-09 2.85e-10 
84 5.7e-10 2.28e-09 0 
85 8.55e-10 2.565e-09 0 
86 8.55e-10 2.28e-09 2.85e-10 
87 5.7e-10 2.565e-09 2.85e-10 
88 1.14e-09 2.28e-09 0 
89 1.425e-09 2.565e-09 0 
90 1.425e-09 2.28e-09 2.85e-10 
91 1.14e-09 2.565e-09 2.85e-10 
92 1.71e-09 2.28e-09 0 
93 1.995e-09 2.565e-09 0 
94 1.995e-09 2.28e-09 2.85e-10 
95 1.71e-09 2.565e-09 2.85e-10 
96 2.28e-09 2.28e-09 0 
97 2.565e-09 2.565e-09 0 
98 2.565e-09 2.28e-09 2.85e-10 
99 2.28e-09 2.565e-09 2.85e-10 
100 0 0 5.7e-10 
101 2.85e-10 2.85e-10 5.7e-10 
102 2.85e-10 0 8.55e-10 
103 0 2.85e-10 8.55e-10 
104 5.7e-10 0 5.7e-10 
105 8.55e-10 2.85e-10 5.7e-10 
106 8.55e-10 0 8.55e-10 
107 5.7e-10 2.85e-10 8.55e-10 
108 1.14e-09 0 5.7e-10 
109 1.425e-09 2.85e-10 5.7e-10 
110 1.425e-09 0 8.55e-10 
111 1.14e-09 2.85e-10 8.55e-10 
112 1.71e-09 0 5.7e-10 
113 1.995e-09 2.85e-10 5.7e-10 
114 1.995e-09 0 8.55e-10 
115 1.71e-09 2.85e-10 8.55e-10 
116 2.28e-09 0 5.7e-10 
117 2.565e-09 2.85e-10 5.7e-10 
118 2.565e-09 0 8.55e-10 
119 2.28e-09 2.85e-10 8.55e-10 
120 0 5.7e-10 5.7e-10 
121 2.85e-10 8.55e-10 5.7e-10 
122 2.85e-10 5.7e-10 8.55e-10 
123 0 8.55e-10 8.55e-10 
124 5.7e-10 5.7e-10 5.7e-10 
125 8.55e-10 8.55e-10 5.7e-10 
126 8.55e-10 5.7e-10 8.55e-10 
127 5.7e-10 8.55e-10 8.55e-10 
128 1.14e-09 5.7e-10 5.7e-10 
129 1.425e-09 8.55e-10 5.7e-10 
130 1.425e-09 5.7e-10 8.55e-10 
131 1.14e-09 8.55e-10 8.55e-10 
132 1.71e-09 5.7e-10 5.7e-10 
133 1.995e-09 8.55e-10 5.7e-10 
134 1.995e-09 5.7e-10 8.55e-10 
135 1.71e-09 8.55e-10 8.55e-10 
136 2.28e-09 5.7e-10 5.7e-10 
137 2.565e-09 8.55e-10 5.7e-10 
138 2.565e-09 5.7e-10 8.55e-10 
139 2.28e-09 8.55e-10 8.55e-10 
140 0 1.14e-09 5.7e-10 
141 2.85e-10 1.425e-09 5.7e-10 
142 2.85e-10 1.14e-09 8.55e-10 
143 0 1.425e-09 8.55e-10 
144 5.7e-10 1.14e-09 5.7e-10 
145 8.55e-10 1.425e-09 5.7e-10 
146 8.55e-10 1.14e-09 8.55e-10 
147 5.7e-10 1.425e-09 8.55e-10 
148 1.14e-09 1.14e-09 5.7e-10 
149 1.425e-09 1.425e-09 5.7e-10 
150 1.425e-09 1.14e-09 8.55e-10 
151 1.14e-09 1.425e-09 8.55e-10 
152 1.71e-09 1.14e-09 5.7e-10 
153 1.995e-09 1.425e-09 5.7e-10 
154 1.995e-09 1.14e-09 8.55e-10 
155 1.71e-09 1.425e-09 8.55e-10 
156 2.28e-09 1.14e-09 5.7e-10 
157 2.565e-09 1.425e-09 5.7e-10 
158 2.565e-09 1.14e-09 8.55e-10 
159 2.28e-09 1.425e-09 8.55e-10 
160 0 1.71e-09 5.7e-10 
161 2.85e-10 1.995e-09 5.7e-10 
162 2.85e-10 1.71e-09 8.55e-10 
163 0 1.995e-09 8.55e-10 
164 5.7e-10 1.71e-09 5.7e-10 
165 8.55e-10 1.995e-09 5.7e-10 
166 8.55e-10 1.71e-09 8.55e-10 
167 5.7e-10 1.995e-09 8.55e-10 
168 1.14e-09 1.71e-09 5.7e-10 
169 1.425e-09 1.995e-09 5.7e-10 
170 1.425e-09 1.71e-09 8.55e-10 
171 1.14e-09 1.995e-09 8.55e-10 
172 1.71e-09 1.71e-09 5.7e-10 
173 1.995e-09 1.995e-09 5.7e-10 
174 1.995e-09 1.71e-09 8.55e-10 
175 1.71e-09 1.995e-09 8.55e-10 
176 2.28e-09 1.71e-09 5.7e-10 
177 2.565e-09 1.995e-09 5.7e-10 
178 2.565e-09 1.71e-09 8.55e-10 
179 2.28e-09 1.995e-09 8.55e-10 
180 0 2.28e-09 5.7e-10 
181 2.85e-10 2.565e-09 5.7e-10 
182 2.85e-10 2.28e-09 8.55e-10 
183 0 2.565e-09 8.55e-10 
184 5.7e-10 2.28e-09 5.7e-10 
185 8.55e-10 2.565e-09 5.7e-10 
186 8.55e-10 2.28e-09 8.55e-10 
187 5.7e-10 2.565e-09 8.55e-10 
188 1.14e-09 2.28e-09 5.7e-10 
189 1.425e-09 2.565e-09 5.7e-10 
190 1.425e-09 2.28e-09 8.55e-10 
191 1.14e-09 2.565e-09 8.55e-10 
192 1.71e-09 2.28e-09 5.7e-10 
193 1.995e-09 2.565e-09 5.7e-10 
194 1.995e-09 2.28e-09 8.55e-10 
195 1.71e-09 2.565e-09 8.55e-10 
196 2.28e-09 2.28e-09 5.7e-10 
197 2.565e-09 2.565e-09 5.7e-10 
198 2.565e-09 2.28e-09 8.55e-10 
199 2.28e-09 2.565e-09 8.55e-10 
200 0 0 1.14e-09 
201 2.85e-10 2.85e-10 1.14e-09 
202 2.85e-10 0 1.425e-09 
203 0 2.85e-10 1.425e-09 
204 5.7e-10 0 1.14e-09 
205 8.55e-10 2.85e-10 1.14e-09 
206 8.55e-10 0 1.425e-09 
207 5.7e-10 2.85e-10 1.425e-09 
208 1.14e-09 0 1.14e-09 
209 1.425e-09 2.85e-10 1.14e-09 
210 1.425e-09 0 1.425e-09 
211 1.14e-09 2.85e-10 1.425e-09 
212 1.71e-09 0 1.14e-09 
213 1.995e-09 2.85e-10 1.14e-09 
214 1.995e-09 0 1.425e-09 
215 1.71e-09 2.85e-10 1.425e-09 
216 2.28e-09 0 1.14e-09 
217 2.565e-09 2.85e-10 1.14e-09 
218 2.565e-09 0 1.425e-09 
219 2.28e-09 2.85e-10 1.425e-09 
220 0 5.7e-10 1.14e-09 
221 2.85e-10 8.55e-10 1.14e-09 
222 2.85e-10 5.7e-10 1.425e-09 
223 0 8.55e-10 1.425e-09 
224 5.7e-10 5.7e-10 1.14e-09 
225 8.55e-10 8.55e-10 1.14e-09 
226 8.55e-10 5.7e-10 1.425e-09 
227 5.7e-10 8.55e-10 1.425e-09 
228 1.14e-09 5.7e-10 1.14e-09 
229 1.425e-09 8.55e-10 1.14e-09 
230 1.425e-09 5.7e-10 1.425e-09 
231 1.14e-09 8.55e-10 1.425e-09 
232 1.71e-09 5.7e-10 1.14e-09 
233 1.995e-09 8.55e-10 1.14e-09 
234 1.995e-09 5.7e-10 1.425e-09 
235 1.71e-09 8.55e-10 1.425e-09 
236 2.28e-09 5.7e-10 1.14e-09 
237 2.565e-09 8.55e-10 1.14e-09 
238 2.565e-09 5.7e-10 1.425e-09 
239 2.28e-09 8.55e-10 1.425e-09 
240 0 1.14e-09 1.14e-09 
241 2.85e-10 1.425e-09 1.14e-09 
242 2.85e-10 1.14e-09 1.425e-09 
243 0 1.425e-09 1.425e-09 
244 5.7e-10 1.14e-09 1.14e-09 
245 8.55e-10 1.425e-09 1.14e-09 
246 8.55e-10 1.14e-09 1.425e-09 
247 5.7e-10 1.425e-09 1.425e-09 
248 1.14e-09 1.14e-09 1.14e-09 
249 1.425e-09 1.425e-09 1.14e-09 
250 1.425e-09 1.14e-09 1.425e-09 
251 1.14e-09 1.425e-09 1.425e-09 
252 1.71e-09 1.14e-09 1.14e-09 
253 1.995e-09 1.425e-09 1.14e-09 
254 1.995e-09 1.14e-09 1.425e-09 
255 1.71e-09 1.425e-09 1.425e-09 
256 2.28e-09 1.14e-09 1.14e-09 
257 2.565e-09 1.425e-09 1.14e-09 
258 2.565e-09 1.14e-09 1.425e-09 
259 2.28e-09 1.425e-09 1.425e-09 
260 0 1.71e-09 1.14e-09 
261 2.85e-10 1.995e-09 1.14e-09 
262 2.85e-10 1.71e-09 1.425e-09 
263 0 1.995e-09 1.425e-09 
264 5.7e-10 1.71e-09 1.14e-09 
265 8.55e-10 1.995e-09 1.14e-09 
266 8.55e-10 1.71e-09 1.425e-09 
267 5.7e-10 1.995e-09 1.425e-09 
268 1.14e-09 1.71e-09 1.14e-09 
269 1.425e-09 1.995e-09 1.14e-09 
270 1.425e-09 1.71e-09 1.425e-09 
271 1.14e-09 1.995e-09 1.425e-09 
272 1.71e-09 1.71e-09 1.14e-09 
273 1.995e-09 1.995e-09 1.14e-09 
274 1.995e-09 1.71e-09 1.425e-09 
275 1.71e-09 1.995e-09 1.425e-09 
276 2.28e-09 1.71e-09 1.14e-09 
277 2.565e-09 1.995e-09 1.14e-09 
278 2.565e-09 1.71e-09 1.425e-09 
279 2.28e-09 1.995e-09 1.425e-09 
280 0 2.28e-09 1.14e-09 
281 2.85e-10 2.565e-09 1.14e-09 
282 2.85e-10 2.28e-09 1.425e-09 
283 0 2.565e-09 1.425e-09 
284 5.7e-10 2.28e-09 1.14e-09 
285 8.55e-10 2.565e-09 1.14e-09 
286 8.55e-10 2.28e-09 1.425e-09 
287 5.7e-10 2.565e-09 1.425e-09 
288 1.14e-09 2.28e-09 1.14e-09 
289 1.425e-09 2.565e-09 1.14e-09 
290 1.425e-09 2.28e-09 1.425e-09 
291 1.14e-09 2.565e-09 1.425e-09 
292 1.71e-09 2.28e-09 1.14e-09 
293 1.995e-09 2.565e-09 1.14e-09 
294 1.995e-09 2.28e-09 1.425e-09 
295 1.71e-09 2.565e-09 1.425e-09 
296 2.28e-09 2.28e-09 1.14e-09 
297 2.565e-09 2.565e-09 1.14e-09 
298 2.565e-09 2.28e-09 1.425e-09 
299 2.28e-09 2.565e-09 1.425e-09 
300 0 0 1.71e-09 
301 2.85e-10 2.85e-10 1.71e-09 
302 2.85e-10 0 1.995e-09 
303 0 2.85e-10 1.995e-09 
304 5.7e-10 0 1.71e-09 
305 8.55e-10 2.85e-10 1.71e-09 
306 8.55e-10 0 1.995e-09 
307 5.7e-10 2.85e-10 1.995e-09 
308 1.14e-09 0 1.71e-09 
309 1.425e-09 2.85e-10 1.71e-09 
310 1.425e-09 0 1.995e-09 
311 1.14e-09 2.85e-10 1.995e-09 
312 1.71e-09 0 1.71e-09 
313 1.995e-09 2.85e-10 1.71e-09 
314 1.995e-09 0 1.995e-09 
315 1.71e-09 2.85e-10 1.995e-09 
316 2.28e-09 0 1.71e-09 
317 2.565e-09 2.85e-10 1.71e-09 
318 2.565e-09 0 1.995e-09 
319 2.28e-09 2.85e-10 1.995e-09 
320 0 5.7e-10 1.71e-09 
321 2.85e-10 8.55e-10 1.71e-09 
322 2.85e-10 5.7e-10 1.995e-09 
323 0 8.55e-10 1.995e-09 
324 5.7e-10 5.7e-10 1.71e-09 
325 8.55e-10 8.55e-10 1.71e-09 
326 8.55e-10 5.7e-10 1.995e-09 
327 5.7e-10 8.55e-10 1.995e-09 
328 1.14e-09 5.7e-10 1.71e-09 
329 1.425e-09 8.55e-10 1.71e-09 
330 1.425e-09 5.7e-10 1.995e-09 
331 1.14e-09 8.55e-10 1.995e-09 
332 1.71e-09 5.7e-10 1.71e-09 
333 1.995e-09 8.55e-10 1.71e-09 
334 1.995e-09 5.7e-10 1.995e-09 
335 1.71e-09 8.55e-10 1.995e-09 
336 2.28e-09 5.7e-10 1.71e-09 
337 2.565e-09 8.55e-10 1.71e-09 
338 2.565e-09 5.7e-10 1.995e-09 
339 2.28e-09 8.55e-10 1.995e-09 
340 0 1.14e-09 1.71e-09 
341 2.85e-10 1.425e-09 1.71e-09 
342 2.85e-10 1.14e-09 1.995e-09 
343 0 1.425e-09 1.995e-09 
344 5.7e-10 1.14e-09 1.71e-09 
345 8.55e-10 1.425e-09 1.71e-09 
346 8.55e-10 1.14e-09 1.995e-09 
347 5.7e-10 1.425e-09 1.995e-09 
348 1.14e-09 1.14e-09 1.71e-09 
349 1.425e-09 1.425e-09 1.71e-09 
350 1.425e-09 1.14e-09 1.995e-09 
351 1.14e-09 1.425e-09 1.995e-09 
352 1.71e-09 1.14e-09 1.71e-09 
353 1.995e-09 1.425e-09 1.71e-09 
354 1.995e-09 1.14e-09 1.995e-09 
355 1.71e-09 1.425e-09 1.995e-09 
356 2.28e-09 1.14e-09 1.71e-09 
357 2.565e-09 1.425e-09 1.71e-09 
358 2.565e-09 1.14e-09 1.995e-09 
359 2.28e-09 1.425e-09 1.995e-09 
360 0 1.71e-09 1.71e-09 
361 2.85e-10 1.995e-09 1.71e-09 
362 2.85e-10 1.71e-09 1.995e-09 
363 0 1.995e-09 1.995e-09 
364 5.7e-10 1.71e-09 1.71e-09 
365 8.55e-10 1.995e-09 1.71e-09 
366 8.55e-10 1.71e-09 1.995e-09 
367 5.7e-10 1.995e-09 1.995e-09 
368 1.14e-09 1.71e-09 1.71e-09 
369 1.425e-09 1.995e-09 1.71e-09 
370 1.425e-09 1.71e-09 1.995e-09 
371 1.14e-09 1.995e-09 1.995e-09 
372 1.71e-09 1.71e-09 1.71e-09 
373 1.995e-09 1.995e-09 1.71e-09 
374 1.995e-09 1.71e-09 1.995e-09 
375 1.71e-09 1.995e-09 1.995e-09 
376 2.28e-09 1.71e-09 1.71e-09 
377 2.565e-09 1.995e-09 1.71e-09 
378 2.565e-09 1.71e-09 1.995e-09 
379 2.28e-09 1.995e-09 1.995e-09 
380 0 2.28e-09 1.71e-09 
381 2.85e-10 2.565e-09 1.71e-09 
382 2.85e-10 2.28e-09 1.995e-09 
383 0 2.565e-09 1.995e-09 
384 5.7e-10 2.28e-09 1.71e-09 
385 8.55e-10 2.565e-09 1.71e-09 
386 8.55e-10 2.28e-09 1.995e-09 
387 5.7e-10 2.565e-09 1.995e-09 
388 1.14e-09 2.28e-09 1.71e-09 
389 1.425e-09 2.565e-09 1.71e-09 
390 1.425e-09 2.28e-09 1.995e-09 
391 1.14e-09 2.565e-09 1.995e-09 
392 1.71e-09 2.28e-09 1.71e-09 
393 1.995e-09 2.565e-09 1.71e-09 
394 1.995e-09 2.28e-09 1.995e-09 
395 1.71e-09 2.565e-09 1.995e-09 
396 2.28e-09 2.28e-09 1.71e-09 
397 2.565e-09 2.565e-09 1.71e-09 
398 2.565e-09 2.28e-09 1.995e-09 
399 2.28e-09 2.565e-09 1.995e-09 
400 0 0 2.28e-09 
401 2.85e-10 2.85e-10 2.28e-09 
402 2.85e-10 0 2.565e-09 
403 0 2.85e-10 2.565e-09 
404 5.7e-10 0 2.28e-09 
405 8.55e-10 2.85e-10 2.28e-09 
406 8.55e-10 0 2.565e-09 
407 5.7e-10 2.85e-10 2.565e-09 
408 1.14e-09 0 2.28e-09 
409 1.425e-09 2.85e-10 2.28e-09 
410 1.425e-09 0 2.565e-09 
411 1.14e-09 2.85e-10 2.565e-09 
412 1.71e-09 0 2.28e-09 
413 1.995e-09 2.85e-10 2.28e-09 
414 1.995e-09 0 2.565e-09 
415 1.71e-09 2.85e-10 2.565e-09 
416 2.28e-09 0 2.28e-09 
417 2.565e-09 2.85e-10 2.28e-09 
418 2.565e-09 0 2.565e-09 
419 2.28e-09 2.85e-10 2.565e-09 
420 0 5.7e-10 2.28e-09 
421 2.85e-10 8.55e-10 2.28e-09 
422 2.85e-10 5.7e-10 2.565e-09 
423 0 8.55e-10 2.565e-09 
424 5.7e-10 5.7e-10 2.28e-09 
425 8.55e-10 8.55e-10 2.28e-09 
426 8.55e-10 5.7e-10 2.565e-09 
427 5.7e-10 8.55e-10 2.565e-09 
428 1.14e-09 5.7e-10 2.28e-09 
429 1.425e-09 8.55e-10 2.28e-09 
430 1.425e-09 5.7e-10 2.565e-09 
431 1.14e-09 8.55e-10 2.565e-09 
432 1.71e-09 5.7e-10 2.28e-09 
433 1.995e-09 8.55e-10 2.28e-09 
434 1.995e-09 5.7e-10 2.565e-09 
435 1.71e-09 8.55e-10 2.565e-09 
436 2.28e-09 5.7e-10 2.28e-09 
437 2.565e-09 8.55e-10 2.28e-09 
438 2.565e-09 5.7e-10 2.565e-09 
439 2.28e-09 8.55e-10 2.565e-09 
440 0 1.14e-09 2.28e-09 
441 2.85e-10 1.425e-09 2.28e-09 
442 2.85e-10 1.14e-09 2.565e-09 
443 0 1.425e-09 2.565e-09 
444 5.7e-10 1.14e-09 2.28e-09 
445 8.55e-10 1.425e-09 2.28e-09 
446 8.55e-10 1.14e-09 2.565e-09 
447 5.7e-10 1.425e-09 2.565e-09 
448 1.14e-09 1.14e-09 2.28e-09 
449 1.425e-09 1.425e-09 2.28e-09 
450 1.425e-09 1.14e-09 2.565e-09 
451 1.14e-09 1.425e-09 2.565e-09 
452 1.71e-09 1.14e-09 2.28e-09 
453 1.995e-09 1.425e-09 2.28e-09 
454 1.995e-09 1.14e-09 2.565e-09 
455 1.71e-09 1.425e-09 2.565e-09 
456 2.28e-09 1.14e-09 2.28e-09 
457 2.565e-09 1.425e-09 2.28e-09 
458 2.565e-09 1.14e-09 2.565e-09 
459 2.28e-09 1.425e-09 2.565e-09 
460 0 1.71e-09 2.28e-09 
461 2.85e-10 1.995e-09 2.28e-09 
462 2.85e-10 1.71e-09 2.565e-09 
463 0 1.995e-09 2.565e-09 
464 5.7e-10 1.71e-09 2.28e-09 
465 8.55e-10 1.995e-09 2.28e-09 
466 8.55e-10 1.71e-09 2.565e-09 
467 5.7e-10 1.995e-09 2.565e-09 
468 1.14e-09 1.71e-09 2.28e-09 
469 1.425e-09 1.995e-09 2.28e-09 
470 1.425e-09 1.71e-09 2.565e-09 
471 1.14e-09 1.995e-09 2.565e-09 
472 1.71e-09 1.71e-09 2.28e-09 
473 1.995e-09 1.995e-09 2.28e-09 
474 1.995e-09 1.71e-09 2.565e-09 
475 1.71e-09 1.995e-09 2.565e-09 
476 2.28e-09 1.71e-09 2.28e-09 
477 2.565e-09 1.995e-09 2.28e-09 
478 2.565e-09 1.71e-09 2.565e-09 
479 2.28e-09 1.995e-09 2.565e-09 
480 0 2.28e-09 2.28e-09 
481 2.85e-10 2.565e-09 2.28e-09 
482 2.85e-10 2.28e-09 2.565e-09 
483 0 2.565e-09 2.565e-09 
484 5.7e-10 2.28e-09 2.28e-09 
485 8.55e-10 2.565e-09 2.28e-09 
486 8.55e-10 2.28e-09 2.565e-09 
487 5.7e-10 2.565e-09 2.565e-09 
488 1.14e-09 2.28e-09 2.28e-09 
489 1.425e-09 2.565e-09 2.28e-09 
490 1.425e-09 2.28e-09 2.565e-09 
491 1.14e-09 2.565e-09 2.565e-09 
492 1.71e-09 2.28e-09 2.28e-09 
493 1.995e-09 2.565e-09 2.28e-09 
494 1.995e-09 2.28e-09 2.565e-09 
495 1.71e-09 2.565e-09 2.565e-09 
496 2.28e-09 2.28e-09 2.28e-09 
497 2.565e-09 2.565e-09 2.28e-09 
498 2.565e-09 2.28e-09 2.565e-09 
499 2.28e-09 2.565e-09 2.565e-09 
