time[s] cohesive[eV/atom] kinetic[eV/atom] total[eV/atom]
0 -0.0749393 0.0594596 -0.0154797
1.66699e-11 -0.0748422 0.0593603 -0.0154819
3.33397e-11 -0.0745335 0.0590483 -0.0154853
5.00096e-11 -0.0739734 0.0584823 -0.0154911
6.66795e-11 -0.0730929 0.0575932 -0.0154997
8.33494e-11 -0.0717934 0.0562825 -0.0155109
1.00019e-10 -0.0699516 0.0544279 -0.0155237
1.16689e-10 -0.0674374 0.0519019 -0.0155354
1.33359e-10 -0.0641587 0.0486183 -0.0155404
1.50029e-10 -0.0601461 0.0446157 -0.0155303
1.66699e-10 -0.055663 0.0401632 -0.0154998
1.83369e-10 -0.0512636 0.0358081 -0.0154556
2.00038e-10 -0.0476696 0.0322502 -0.0154194
2.16708e-10 -0.0454524 0.0300413 -0.0154111
2.33378e-10 -0.0447537 0.0293232 -0.0154305
2.50048e-10 -0.0452799 0.0298172 -0.0154628
2.66718e-10 -0.0465177 0.0310248 -0.0154929
2.83388e-10 -0.0479617 0.0324479 -0.0155138
3.00058e-10 -0.0492396 0.0337152 -0.0155243
3.16728e-10 -0.0501433 0.0346172 -0.0155261
3.33397e-10 -0.0506114 0.0350896 -0.0155218
3.50067e-10 -0.0506912 0.0351769 -0.0155143
3.66737e-10 -0.05049 0.0349831 -0.0155069
3.83407e-10 -0.0501265 0.0346258 -0.0155007
4.00077e-10 -0.0497059 0.0342103 -0.0154956
4.16747e-10 -0.0493181 0.0338266 -0.0154915
4.33417e-10 -0.0490334 0.0335437 -0.0154897
4.50087e-10 -0.0488849 0.0333944 -0.0154906
4.66756e-10 -0.0488638 0.0333711 -0.0154926
4.83426e-10 -0.0489395 0.0334455 -0.015494
5.00096e-10 -0.0490873 0.0335929 -0.0154944
5.16766e-10 -0.0492955 0.0338011 -0.0154944
5.33436e-10 -0.0495573 0.0340628 -0.0154945
5.50106e-10 -0.0498635 0.0343684 -0.0154951
5.66776e-10 -0.0501952 0.0346981 -0.0154971
5.83446e-10 -0.0505136 0.0350132 -0.0155004
6.00115e-10 -0.0507646 0.0352612 -0.0155035
6.16785e-10 -0.0509004 0.035395 -0.0155054
6.33455e-10 -0.0508937 0.0353874 -0.0155064
6.50125e-10 -0.0507388 0.0352323 -0.0155064
6.66795e-10 -0.0504524 0.0349479 -0.0155044
6.83465e-10 -0.0500841 0.0345825 -0.0155016
7.00135e-10 -0.0496941 0.0341931 -0.015501
7.16804e-10 -0.0493144 0.0338153 -0.0154991
7.33474e-10 -0.0489864 0.033491 -0.0154954
7.50144e-10 -0.0487682 0.0332744 -0.0154938
7.66814e-10 -0.0486886 0.0331938 -0.0154949
7.83484e-10 -0.0487225 0.0332201 -0.0155024
8.00154e-10 -0.0487602 0.033252 -0.0155082
8.16824e-10 -0.0487167 0.0332116 -0.0155051
8.33494e-10 -0.0486281 0.0331285 -0.0154997
8.50163e-10 -0.0485677 0.033068 -0.0154996
8.66833e-10 -0.048537 0.0330333 -0.0155037
8.83503e-10 -0.0484797 0.0329748 -0.015505
9.00173e-10 -0.0483737 0.0328724 -0.0155013
9.16843e-10 -0.0482634 0.0327663 -0.015497
9.33513e-10 -0.0482083 0.0327139 -0.0154944
9.50183e-10 -0.0482458 0.0327524 -0.0154934
9.66853e-10 -0.0483839 0.0328886 -0.0154953
9.83522e-10 -0.0485874 0.0330881 -0.0154993
1.00019e-09 -0.0487904 0.0332881 -0.0155024
1.01686e-09 -0.0489386 0.033435 -0.0155036
1.03353e-09 -0.0490039 0.0334997 -0.0155042
1.0502e-09 -0.0489741 0.0334695 -0.0155045
1.06687e-09 -0.0488476 0.0333437 -0.0155038
1.08354e-09 -0.0486434 0.0331418 -0.0155015
1.10021e-09 -0.0484077 0.0329099 -0.0154977
1.11688e-09 -0.0482104 0.0327175 -0.0154929
1.13355e-09 -0.048132 0.0326426 -0.0154894
1.15022e-09 -0.0482279 0.0327387 -0.0154892
1.16689e-09 -0.0485011 0.0330093 -0.0154917
1.18356e-09 -0.0489063 0.03341 -0.0154963
1.20023e-09 -0.0493632 0.0338612 -0.015502
1.2169e-09 -0.049775 0.0342682 -0.0155068
1.23357e-09 -0.0500585 0.034549 -0.0155096
1.25024e-09 -0.0501663 0.0346568 -0.0155095
1.26691e-09 -0.0501004 0.0345949 -0.0155054
1.28358e-09 -0.0499254 0.0344271 -0.0154983
1.30025e-09 -0.0497499 0.0342576 -0.0154923
1.31692e-09 -0.0496672 0.0341765 -0.0154907
1.33359e-09 -0.0497035 0.0342089 -0.0154946
1.35026e-09 -0.049802 0.0342997 -0.0155023
1.36693e-09 -0.0498522 0.0343436 -0.0155086
1.3836e-09 -0.0497638 0.0342544 -0.0155095
1.40027e-09 -0.0495225 0.034016 -0.0155065
1.41694e-09 -0.0491729 0.0336698 -0.0155031
1.43361e-09 -0.048775 0.0332762 -0.0154988
1.45028e-09 -0.0484055 0.0329127 -0.0154928
1.46695e-09 -0.0481623 0.0326736 -0.0154887
1.48362e-09 -0.0481134 0.0326228 -0.0154906
1.50029e-09 -0.0482401 0.032743 -0.015497
1.51696e-09 -0.0484588 0.0329574 -0.0155014
1.53363e-09 -0.0487056 0.0332034 -0.0155022
1.5503e-09 -0.0489524 0.0334465 -0.0155059
1.56697e-09 -0.0491401 0.033632 -0.0155081
1.58364e-09 -0.0492319 0.0337288 -0.0155031
1.60031e-09 -0.0492855 0.0337893 -0.0154962
1.61698e-09 -0.0493882 0.033895 -0.0154932
1.63365e-09 -0.0495752 0.0340812 -0.015494
1.65032e-09 -0.0498209 0.0343226 -0.0154983
1.66699e-09 -0.0500495 0.0345458 -0.0155038
1.68366e-09 -0.0501726 0.0346669 -0.0155057
1.70033e-09 -0.050154 0.0346502 -0.0155039
1.717e-09 -0.0500168 0.0345149 -0.0155019
1.73367e-09 -0.0497985 0.0342977 -0.0155008
1.75034e-09 -0.0495351 0.0340365 -0.0154986
1.76701e-09 -0.0492756 0.0337786 -0.0154969
1.78368e-09 -0.0490585 0.033561 -0.0154975
1.80035e-09 -0.0488915 0.0333946 -0.015497
1.81702e-09 -0.0487895 0.033295 -0.0154945
1.83369e-09 -0.0487852 0.0332921 -0.0154931
1.85036e-09 -0.0488926 0.0333988 -0.0154939
1.86703e-09 -0.0490892 0.0335928 -0.0154964
1.8837e-09 -0.0493244 0.0338248 -0.0154996
1.90037e-09 -0.0495406 0.034039 -0.0155016
1.91704e-09 -0.0496992 0.0341974 -0.0155018
1.93371e-09 -0.0497878 0.0342856 -0.0155022
1.95037e-09 -0.049796 0.0342928 -0.0155033
1.96704e-09 -0.0497113 0.0342096 -0.0155017
1.98371e-09 -0.0495601 0.034064 -0.0154961
2.00038e-09 -0.0494222 0.0339311 -0.0154911
2.01705e-09 -0.0493699 0.0338787 -0.0154911
2.03372e-09 -0.0494084 0.0339142 -0.0154943
2.05039e-09 -0.0495001 0.0340044 -0.0154958
2.06706e-09 -0.0496227 0.0341261 -0.0154965
2.08373e-09 -0.0497575 0.0342566 -0.0155009
2.1004e-09 -0.0498374 0.0343298 -0.0155077
2.11707e-09 -0.0497639 0.0342529 -0.015511
2.13374e-09 -0.0494883 0.0339799 -0.0155084
2.15041e-09 -0.0490511 0.0335483 -0.0155028
2.16708e-09 -0.0485416 0.0330429 -0.0154987
2.18375e-09 -0.0480367 0.0325396 -0.0154971
2.20042e-09 -0.0475865 0.0320915 -0.015495
2.21709e-09 -0.0472531 0.0317642 -0.0154889
2.23376e-09 -0.0471511 0.0316693 -0.0154818
2.25043e-09 -0.0473828 0.0318953 -0.0154875
2.2671e-09 -0.047864 0.0323606 -0.0155033
2.28377e-09 -0.0483614 0.0328485 -0.0155128
2.30044e-09 -0.0487173 0.0332063 -0.0155109
2.31711e-09 -0.0489442 0.0334434 -0.0155008
2.33378e-09 -0.0491696 0.0336734 -0.0154962
2.35045e-09 -0.0494478 0.0339463 -0.0155015
2.36712e-09 -0.0497041 0.0342005 -0.0155037
2.38379e-09 -0.0498935 0.0343928 -0.0155007
2.40046e-09 -0.05004 0.0345402 -0.0154998
2.41713e-09 -0.0501467 0.0346445 -0.0155022
2.4338e-09 -0.0501755 0.0346715 -0.015504
2.45047e-09 -0.0500935 0.0345877 -0.0155058
2.46714e-09 -0.0498758 0.0343681 -0.0155078
2.48381e-09 -0.0495126 0.0340077 -0.0155049
2.50048e-09 -0.0490751 0.0335809 -0.0154942
2.51715e-09 -0.0487352 0.0332485 -0.0154867
2.53382e-09 -0.048611 0.0331214 -0.0154897
2.55049e-09 -0.0486687 0.0331735 -0.0154952
2.56716e-09 -0.0488201 0.033322 -0.0154981
2.58383e-09 -0.0490092 0.0335109 -0.0154982
2.6005e-09 -0.0492292 0.033735 -0.0154942
2.61717e-09 -0.0495313 0.0340411 -0.0154901
2.63384e-09 -0.0499551 0.0344601 -0.015495
2.65051e-09 -0.0504181 0.0349136 -0.0155045
2.66718e-09 -0.0507696 0.0352588 -0.0155107
2.68385e-09 -0.0509035 0.0353908 -0.0155127
2.70052e-09 -0.0507876 0.0352764 -0.0155111
2.71719e-09 -0.0504552 0.034949 -0.0155062
2.73386e-09 -0.0500025 0.0345051 -0.0154974
2.75053e-09 -0.0495825 0.0340939 -0.0154887
2.7672e-09 -0.0493359 0.0338473 -0.0154886
2.78387e-09 -0.0492719 0.0337751 -0.0154968
2.80054e-09 -0.0492789 0.0337772 -0.0155016
2.81721e-09 -0.0492768 0.0337765 -0.0155002
2.83388e-09 -0.0492693 0.0337707 -0.0154986
2.85055e-09 -0.0492712 0.0337714 -0.0154998
2.86722e-09 -0.0492651 0.0337644 -0.0155006
2.88389e-09 -0.049234 0.0337332 -0.0155008
2.90056e-09 -0.0491688 0.0336666 -0.0155022
2.91723e-09 -0.0490498 0.0335472 -0.0155026
2.9339e-09 -0.0488737 0.0333734 -0.0155003
2.95057e-09 -0.0486761 0.0331783 -0.0154978
2.96724e-09 -0.048499 0.033002 -0.015497
2.98391e-09 -0.0483682 0.0328727 -0.0154955
3.00058e-09 -0.0483162 0.0328232 -0.015493
3.01725e-09 -0.0483807 0.0328872 -0.0154935
3.03392e-09 -0.0485532 0.0330555 -0.0154978
3.05059e-09 -0.0487693 0.033268 -0.0155013
3.06726e-09 -0.0489658 0.033463 -0.0155028
3.08393e-09 -0.0491066 0.0336034 -0.0155031
3.1006e-09 -0.0491779 0.0336758 -0.0155021
3.11727e-09 -0.0491883 0.0336876 -0.0155007
3.13394e-09 -0.0491569 0.0336575 -0.0154993
3.15061e-09 -0.0491083 0.0336117 -0.0154966
3.16728e-09 -0.0490855 0.0335923 -0.0154932
3.18395e-09 -0.0491385 0.0336466 -0.0154919
3.20062e-09 -0.049286 0.0337916 -0.0154944
3.21729e-09 -0.0494892 0.0339891 -0.0155001
3.23396e-09 -0.0496619 0.0341556 -0.0155063
3.25062e-09 -0.0497136 0.0342038 -0.0155098
3.26729e-09 -0.0495972 0.0340885 -0.0155088
3.28396e-09 -0.0493355 0.0338316 -0.0155039
3.30063e-09 -0.0490093 0.0335111 -0.0154982
3.3173e-09 -0.0487125 0.0332178 -0.0154947
3.33397e-09 -0.048504 0.0330087 -0.0154953
3.35064e-09 -0.0483842 0.0328867 -0.0154975
3.36731e-09 -0.0483302 0.0328336 -0.0154966
3.38398e-09 -0.0483525 0.0328581 -0.0154945
3.40065e-09 -0.0484698 0.0329726 -0.0154972
3.41732e-09 -0.0486332 0.0331304 -0.0155027
3.43399e-09 -0.048754 0.0332483 -0.0155057
3.45066e-09 -0.0487769 0.0332707 -0.0155062
3.46733e-09 -0.0486894 0.0331841 -0.0155053
3.484e-09 -0.04851 0.0330083 -0.0155017
3.50067e-09 -0.0483006 0.032805 -0.0154956
3.51734e-09 -0.0481558 0.0326647 -0.0154911
3.53401e-09 -0.0481456 0.0326554 -0.0154902
3.55068e-09 -0.0482834 0.0327921 -0.0154914
3.56735e-09 -0.048542 0.033048 -0.015494
3.58402e-09 -0.0488676 0.0333705 -0.015497
3.60069e-09 -0.0491992 0.0337001 -0.0154991
3.61736e-09 -0.0494905 0.0339904 -0.0155001
3.63403e-09 -0.049713 0.0342121 -0.0155009
3.6507e-09 -0.0498462 0.0343432 -0.0155029
3.66737e-09 -0.0498593 0.0343532 -0.0155062
3.68404e-09 -0.0497164 0.034209 -0.0155074
3.70071e-09 -0.049418 0.0339141 -0.015504
3.71738e-09 -0.0490375 0.033541 -0.0154964
3.73405e-09 -0.0487034 0.0332132 -0.0154903
3.75072e-09 -0.0485173 0.0330265 -0.0154909
3.76739e-09 -0.0484792 0.0329831 -0.0154962
3.78406e-09 -0.048514 0.0330124 -0.0155015
3.80073e-09 -0.0485422 0.0330385 -0.0155037
3.8174e-09 -0.0485332 0.0330319 -0.0155013
3.83407e-09 -0.0485215 0.0330242 -0.0154974
3.85074e-09 -0.0485613 0.0330654 -0.0154959
3.86741e-09 -0.0486719 0.0331753 -0.0154966
3.88408e-09 -0.0488376 0.0333395 -0.0154981
3.90075e-09 -0.0490257 0.0335256 -0.0155001
3.91742e-09 -0.0491954 0.0336937 -0.0155017
3.93409e-09 -0.049311 0.0338087 -0.0155024
3.95076e-09 -0.0493533 0.0338513 -0.015502
3.96743e-09 -0.0493206 0.0338192 -0.0155014
3.9841e-09 -0.0492198 0.033719 -0.0155008
4.00077e-09 -0.0490613 0.0335615 -0.0154998
4.01744e-09 -0.0488646 0.0333668 -0.0154978
4.03411e-09 -0.0486642 0.0331686 -0.0154956
4.05078e-09 -0.048496 0.033001 -0.015495
4.06745e-09 -0.048375 0.0328798 -0.0154953
4.08412e-09 -0.0482997 0.0328041 -0.0154955
4.10079e-09 -0.0482647 0.0327685 -0.0154962
4.11746e-09 -0.0482603 0.032763 -0.0154972
4.13413e-09 -0.0482715 0.0327729 -0.0154986
4.1508e-09 -0.0482831 0.032784 -0.015499
4.16747e-09 -0.0482942 0.0327968 -0.0154974
