time[s] cohesive[eV/atom] kinetic[eV/atom] total[eV/atom]
0 -0.000149879 6.21e-21 -0.000149879
1e-15 -1.19903e-06 6.21e-21 -1.19903e-06
2e-15 -9.59223e-09 6.21e-21 -9.59223e-09
3e-15 -7.67379e-11 6.21e-21 -7.67379e-11
4e-15 -6.13903e-13 6.21e-21 -6.13903e-13
5e-15 -4.91122e-15 6.21e-21 -4.91122e-15
6e-15 -3.92898e-17 6.21e-21 -3.92836e-17
7e-15 -3.14318e-19 6.21e-21 -3.08108e-19
8e-15 -2.51455e-21 6.21e-21 3.69545e-21
9e-15 -2.01164e-23 6.21e-21 6.18988e-21
1e-14 -1.60931e-25 6.21e-21 6.20984e-21
1.1e-14 -1.28745e-27 6.21e-21 6.21e-21
1.2e-14 -1.02996e-29 6.21e-21 6.21e-21
1.3e-14 -8.23966e-32 6.21e-21 6.21e-21
1.4e-14 -6.59173e-34 6.21e-21 6.21e-21
1.5e-14 -5.27339e-36 6.21e-21 6.21e-21
1.6e-14 -4.21871e-38 6.21e-21 6.21e-21
1.7e-14 -3.37497e-40 6.21e-21 6.21e-21
1.8e-14 -2.69997e-42 6.21e-21 6.21e-21
1.9e-14 -2.15998e-44 6.21e-21 6.21e-21
2e-14 -1.72798e-46 6.21e-21 6.21e-21
2.1e-14 -1.38239e-48 6.21e-21 6.21e-21
2.2e-14 -1.10591e-50 6.21e-21 6.21e-21
2.3e-14 -8.84727e-53 6.21e-21 6.21e-21
2.4e-14 -7.07782e-55 6.21e-21 6.21e-21
2.5e-14 -5.66225e-57 6.21e-21 6.21e-21
2.6e-14 -4.5298e-59 6.21e-21 6.21e-21
2.7e-14 -3.62384e-61 6.21e-21 6.21e-21
2.8e-14 -2.89907e-63 6.21e-21 6.21e-21
2.9e-14 -2.31926e-65 6.21e-21 6.21e-21
3e-14 -1.85541e-67 6.21e-21 6.21e-21
3.1e-14 -1.48433e-69 6.21e-21 6.21e-21
3.2e-14 -1.18746e-71 6.21e-21 6.21e-21
3.3e-14 -9.49969e-74 6.21e-21 6.21e-21
3.4e-14 -7.59975e-76 6.21e-21 6.21e-21
3.5e-14 -6.0798e-78 6.21e-21 6.21e-21
3.6e-14 -4.86384e-80 6.21e-21 6.21e-21
3.7e-14 -3.89107e-82 6.21e-21 6.21e-21
3.8e-14 -3.11286e-84 6.21e-21 6.21e-21
3.9e-14 -2.49029e-86 6.21e-21 6.21e-21
4e-14 -1.99223e-88 6.21e-21 6.21e-21
4.1e-14 -1.59378e-90 6.21e-21 6.21e-21
4.2e-14 -1.27503e-92 6.21e-21 6.21e-21
4.3e-14 -1.02002e-94 6.21e-21 6.21e-21
4.4e-14 -8.16017e-97 6.21e-21 6.21e-21
4.5e-14 -6.52813e-99 6.21e-21 6.21e-21
4.6e-14 -5.22251e-101 6.21e-21 6.21e-21
4.7e-14 -4.17801e-103 6.21e-21 6.21e-21
4.8e-14 -3.3424e-105 6.21e-21 6.21e-21
4.9e-14 -2.67392e-107 6.21e-21 6.21e-21
5e-14 -2.13914e-109 6.21e-21 6.21e-21
5.1e-14 -1.71131e-111 6.21e-21 6.21e-21
5.2e-14 -1.36905e-113 6.21e-21 6.21e-21
5.3e-14 -1.09524e-115 6.21e-21 6.21e-21
5.4e-14 -8.76191e-118 6.21e-21 6.21e-21
5.5e-14 -7.00953e-120 6.21e-21 6.21e-21
5.6e-14 -5.60763e-122 6.21e-21 6.21e-21
5.7e-14 -4.4861e-124 6.21e-21 6.21e-21
5.8e-14 -3.58888e-126 6.21e-21 6.21e-21
5.9e-14 -2.8711e-128 6.21e-21 6.21e-21
6e-14 -2.29688e-130 6.21e-21 6.21e-21
6.1e-14 -1.83751e-132 6.21e-21 6.21e-21
6.2e-14 -1.47001e-134 6.21e-21 6.21e-21
6.3e-14 -1.176e-136 6.21e-21 6.21e-21
6.4e-14 -9.40803e-139 6.21e-21 6.21e-21
6.5e-14 -7.52643e-141 6.21e-21 6.21e-21
6.6e-14 -6.02114e-143 6.21e-21 6.21e-21
6.7e-14 -4.81691e-145 6.21e-21 6.21e-21
6.8e-14 -3.85353e-147 6.21e-21 6.21e-21
6.9e-14 -3.08282e-149 6.21e-21 6.21e-21
7e-14 -2.46626e-151 6.21e-21 6.21e-21
7.1e-14 -1.97301e-153 6.21e-21 6.21e-21
7.2e-14 -1.57841e-155 6.21e-21 6.21e-21
7.3e-14 -1.26272e-157 6.21e-21 6.21e-21
7.4e-14 -1.01018e-159 6.21e-21 6.21e-21
7.5e-14 -8.08144e-162 6.21e-21 6.21e-21
7.6e-14 -6.46515e-164 6.21e-21 6.21e-21
7.7e-14 -5.17212e-166 6.21e-21 6.21e-21
7.8e-14 -4.1377e-168 6.21e-21 6.21e-21
7.9e-14 -3.31016e-170 6.21e-21 6.21e-21
8e-14 -2.64813e-172 6.21e-21 6.21e-21
8.1e-14 -2.1185e-174 6.21e-21 6.21e-21
8.2e-14 -1.6948e-176 6.21e-21 6.21e-21
8.3e-14 -1.35584e-178 6.21e-21 6.21e-21
8.4e-14 -1.08467e-180 6.21e-21 6.21e-21
8.5e-14 -8.67738e-183 6.21e-21 6.21e-21
8.6e-14 -6.9419e-185 6.21e-21 6.21e-21
8.7e-14 -5.55352e-187 6.21e-21 6.21e-21
8.8e-14 -4.44282e-189 6.21e-21 6.21e-21
8.9e-14 -3.55425e-191 6.21e-21 6.21e-21
9e-14 -2.8434e-193 6.21e-21 6.21e-21
9.1e-14 -2.27472e-195 6.21e-21 6.21e-21
9.2e-14 -1.81978e-197 6.21e-21 6.21e-21
9.3e-14 -1.45582e-199 6.21e-21 6.21e-21
9.4e-14 -1.16466e-201 6.21e-21 6.21e-21
9.5e-14 -9.31727e-204 6.21e-21 6.21e-21
9.6e-14 -7.45381e-206 6.21e-21 6.21e-21
9.7e-14 -5.96305e-208 6.21e-21 6.21e-21
9.8e-14 -4.77044e-210 6.21e-21 6.21e-21
9.9e-14 -3.81635e-212 6.21e-21 6.21e-21
1e-13 -3.05308e-214 6.21e-21 6.21e-21
1.01e-13 -2.44247e-216 6.21e-21 6.21e-21
1.02e-13 -1.95397e-218 6.21e-21 6.21e-21
1.03e-13 -1.56318e-220 6.21e-21 6.21e-21
1.04e-13 -1.25054e-222 6.21e-21 6.21e-21
1.05e-13 -1.00043e-224 6.21e-21 6.21e-21
1.06e-13 -8.00347e-227 6.21e-21 6.21e-21
1.07e-13 -6.40278e-229 6.21e-21 6.21e-21
1.08e-13 -5.12222e-231 6.21e-21 6.21e-21
1.09e-13 -4.09778e-233 6.21e-21 6.21e-21
1.1e-13 -3.27822e-235 6.21e-21 6.21e-21
1.11e-13 -2.62258e-237 6.21e-21 6.21e-21
1.12e-13 -2.09806e-239 6.21e-21 6.21e-21
1.13e-13 -1.67845e-241 6.21e-21 6.21e-21
1.14e-13 -1.34276e-243 6.21e-21 6.21e-21
1.15e-13 -1.07421e-245 6.21e-21 6.21e-21
1.16e-13 -8.59366e-248 6.21e-21 6.21e-21
1.17e-13 -6.87493e-250 6.21e-21 6.21e-21
1.18e-13 -5.49994e-252 6.21e-21 6.21e-21
1.19e-13 -4.39995e-254 6.21e-21 6.21e-21
1.2e-13 -3.51996e-256 6.21e-21 6.21e-21
1.21e-13 -2.81597e-258 6.21e-21 6.21e-21
1.22e-13 -2.25278e-260 6.21e-21 6.21e-21
1.23e-13 -1.80222e-262 6.21e-21 6.21e-21
1.24e-13 -1.44178e-264 6.21e-21 6.21e-21
1.25e-13 -1.15342e-266 6.21e-21 6.21e-21
1.26e-13 -9.22737e-269 6.21e-21 6.21e-21
1.27e-13 -7.3819e-271 6.21e-21 6.21e-21
1.28e-13 -5.90552e-273 6.21e-21 6.21e-21
1.29e-13 -4.72441e-275 6.21e-21 6.21e-21
1.3e-13 -3.77953e-277 6.21e-21 6.21e-21
1.31e-13 -3.02363e-279 6.21e-21 6.21e-21
1.32e-13 -2.4189e-281 6.21e-21 6.21e-21
1.33e-13 -1.93512e-283 6.21e-21 6.21e-21
1.34e-13 -1.5481e-285 6.21e-21 6.21e-21
1.35e-13 -1.23848e-287 6.21e-21 6.21e-21
1.36e-13 -9.90782e-290 6.21e-21 6.21e-21
1.37e-13 -7.92625e-292 6.21e-21 6.21e-21
1.38e-13 -6.341e-294 6.21e-21 6.21e-21
1.39e-13 -5.0728e-296 6.21e-21 6.21e-21
1.4e-13 -4.05824e-298 6.21e-21 6.21e-21
1.41e-13 -3.24659e-300 6.21e-21 6.21e-21
1.42e-13 -2.59727e-302 6.21e-21 6.21e-21
1.43e-13 -2.07782e-304 6.21e-21 6.21e-21
1.44e-13 -1.66226e-306 6.21e-21 6.21e-21
1.45e-13 -1.3298e-308 6.21e-21 6.21e-21
1.46e-13 -1.06384e-310 6.21e-21 6.21e-21
1.47e-13 -8.51075e-313 6.21e-21 6.21e-21
1.48e-13 -6.8086e-315 6.21e-21 6.21e-21
1.49e-13 -5.44688e-317 6.21e-21 6.21e-21
1.5e-13 -4.3575e-319 6.21e-21 6.21e-21
1.51e-13 -3.486e-321 6.21e-21 6.21e-21
1.52e-13 -2.7888e-323 6.21e-21 6.21e-21
1.53e-13 -2.23104e-325 6.21e-21 6.21e-21
1.54e-13 -1.78483e-327 6.21e-21 6.21e-21
1.55e-13 -1.42787e-329 6.21e-21 6.21e-21
1.56e-13 -1.14229e-331 6.21e-21 6.21e-21
1.57e-13 -9.13835e-334 6.21e-21 6.21e-21
1.58e-13 -7.31068e-336 6.21e-21 6.21e-21
1.59e-13 -5.84854e-338 6.21e-21 6.21e-21
1.6e-13 -4.67883e-340 6.21e-21 6.21e-21
1.61e-13 -3.74307e-342 6.21e-21 6.21e-21
1.62e-13 -2.99445e-344 6.21e-21 6.21e-21
1.63e-13 -2.39556e-346 6.21e-21 6.21e-21
1.64e-13 -1.91645e-348 6.21e-21 6.21e-21
1.65e-13 -1.53316e-350 6.21e-21 6.21e-21
1.66e-13 -1.22653e-352 6.21e-21 6.21e-21
1.67e-13 -9.81223e-355 6.21e-21 6.21e-21
1.68e-13 -7.84978e-357 6.21e-21 6.21e-21
1.69e-13 -6.27982e-359 6.21e-21 6.21e-21
1.7e-13 -5.02386e-361 6.21e-21 6.21e-21
1.71e-13 -4.01909e-363 6.21e-21 6.21e-21
1.72e-13 -3.21527e-365 6.21e-21 6.21e-21
1.73e-13 -2.57222e-367 6.21e-21 6.21e-21
1.74e-13 -2.05777e-369 6.21e-21 6.21e-21
1.75e-13 -1.64622e-371 6.21e-21 6.21e-21
1.76e-13 -1.31697e-373 6.21e-21 6.21e-21
1.77e-13 -1.05358e-375 6.21e-21 6.21e-21
1.78e-13 -8.42864e-378 6.21e-21 6.21e-21
1.79e-13 -6.74291e-380 6.21e-21 6.21e-21
1.8e-13 -5.39433e-382 6.21e-21 6.21e-21
1.81e-13 -4.31546e-384 6.21e-21 6.21e-21
1.82e-13 -3.45237e-386 6.21e-21 6.21e-21
1.83e-13 -2.7619e-388 6.21e-21 6.21e-21
1.84e-13 -2.20952e-390 6.21e-21 6.21e-21
1.85e-13 -1.76761e-392 6.21e-21 6.21e-21
1.86e-13 -1.41409e-394 6.21e-21 6.21e-21
1.87e-13 -1.13127e-396 6.21e-21 6.21e-21
1.88e-13 -9.05018e-399 6.21e-21 6.21e-21
1.89e-13 -7.24014e-401 6.21e-21 6.21e-21
1.9e-13 -5.79212e-403 6.21e-21 6.21e-21
1.91e-13 -4.63369e-405 6.21e-21 6.21e-21
1.92e-13 -3.70695e-407 6.21e-21 6.21e-21
1.93e-13 -2.96556e-409 6.21e-21 6.21e-21
1.94e-13 -2.37245e-411 6.21e-21 6.21e-21
1.95e-13 -1.89796e-413 6.21e-21 6.21e-21
1.96e-13 -1.51837e-415 6.21e-21 6.21e-21
1.97e-13 -1.21469e-417 6.21e-21 6.21e-21
1.98e-13 -9.71756e-420 6.21e-21 6.21e-21
1.99e-13 -7.77405e-422 6.21e-21 6.21e-21
2e-13 -6.21924e-424 6.21e-21 6.21e-21
2.01e-13 -4.97539e-426 6.21e-21 6.21e-21
2.02e-13 -3.98031e-428 6.21e-21 6.21e-21
2.03e-13 -3.18425e-430 6.21e-21 6.21e-21
2.04e-13 -2.5474e-432 6.21e-21 6.21e-21
2.05e-13 -2.03792e-434 6.21e-21 6.21e-21
2.06e-13 -1.63034e-436 6.21e-21 6.21e-21
2.07e-13 -1.30427e-438 6.21e-21 6.21e-21
2.08e-13 -1.04341e-440 6.21e-21 6.21e-21
2.09e-13 -8.34732e-443 6.21e-21 6.21e-21
2.1e-13 -6.67785e-445 6.21e-21 6.21e-21
2.11e-13 -5.34228e-447 6.21e-21 6.21e-21
2.12e-13 -4.27383e-449 6.21e-21 6.21e-21
2.13e-13 -3.41906e-451 6.21e-21 6.21e-21
2.14e-13 -2.73525e-453 6.21e-21 6.21e-21
2.15e-13 -2.1882e-455 6.21e-21 6.21e-21
2.16e-13 -1.75056e-457 6.21e-21 6.21e-21
2.17e-13 -1.40045e-459 6.21e-21 6.21e-21
2.18e-13 -1.12036e-461 6.21e-21 6.21e-21
2.19e-13 -8.96286e-464 6.21e-21 6.21e-21
2.2e-13 -7.17029e-466 6.21e-21 6.21e-21
