time[s] cohesive[eV/atom] kinetic[eV/atom] total[eV/atom]
0 -0.000149879 0.038778 0.0386281
4.28257e-24 -0.000149752 0.0387132 0.0385635
8.56514e-24 -0.000149354 0.038513 0.0383637
1.28477e-23 -0.000148654 0.0381608 0.0380121
1.71303e-23 -0.000147598 0.0376296 0.037482
2.14128e-23 -0.000146111 0.0368818 0.0367357
2.56954e-23 -0.0001441 0.0358713 0.0357272
2.9978e-23 -0.000141464 0.0345485 0.0344071
3.42605e-23 -0.000138115 0.0328703 0.0327321
3.85431e-23 -0.00013401 0.030817 0.0306829
4.28257e-23 -0.000129203 0.0284174 0.0282882
4.71082e-23 -0.000123898 0.0257754 0.0256515
5.13908e-23 -0.000118484 0.0230839 0.0229654
5.56734e-23 -0.000113494 0.0206059 0.0204924
5.99559e-23 -0.000109481 0.0186121 0.0185026
6.42385e-23 -0.000106842 0.0172954 0.0171886
6.85211e-23 -0.000105684 0.0167106 0.0166049
7.28036e-23 -0.00010583 0.0167721 0.0166662
7.70862e-23 -0.000106918 0.0173033 0.0171964
8.13688e-23 -0.000108536 0.0181019 0.0179934
8.56514e-23 -0.000110323 0.018988 0.0188776
8.99339e-23 -0.000112009 0.0198266 0.0197146
9.42165e-23 -0.000113422 0.0205309 0.0204175
9.84991e-23 -0.000114471 0.0210557 0.0209412
1.02782e-22 -0.000115138 0.0213909 0.0212758
1.07064e-22 -0.000115462 0.0215557 0.0214403
1.11347e-22 -0.000115524 0.0215899 0.0214743
1.15629e-22 -0.000115418 0.0215394 0.021424
1.19912e-22 -0.000115218 0.0214401 0.0213249
1.24194e-22 -0.000114957 0.0213092 0.0211942
1.28477e-22 -0.000114639 0.0211499 0.0210352
1.3276e-22 -0.000114268 0.0209646 0.0208504
1.37042e-22 -0.000113867 0.0207657 0.0206518
1.41325e-22 -0.000113488 0.020578 0.0204645
1.45607e-22 -0.000113192 0.0204312 0.020318
1.4989e-22 -0.000113023 0.0203463 0.0202333
1.54172e-22 -0.000112986 0.0203273 0.0202143
1.58455e-22 -0.000113066 0.0203668 0.0202537
1.62738e-22 -0.000113245 0.0204562 0.0203429
1.6702e-22 -0.000113513 0.02059 0.0204765
1.71303e-22 -0.000113857 0.0207614 0.0206475
1.75585e-22 -0.000114252 0.020958 0.0208438
1.79868e-22 -0.000114666 0.0211644 0.0210498
1.8415e-22 -0.000115071 0.0213667 0.0212516
1.88433e-22 -0.000115447 0.0215541 0.0214387
1.92716e-22 -0.00011577 0.0217148 0.021599
1.96998e-22 -0.000116005 0.0218303 0.0217143
2.01281e-22 -0.000116101 0.0218769 0.0217608
2.05563e-22 -0.000116019 0.0218356 0.0217195
2.09846e-22 -0.000115755 0.0217046 0.0215889
2.14128e-22 -0.000115353 0.0215063 0.021391
2.18411e-22 -0.000114895 0.0212797 0.0211648
2.22694e-22 -0.000114461 0.0210639 0.0209495
2.26976e-22 -0.000114098 0.020882 0.0207679
2.31259e-22 -0.000113805 0.0207347 0.0206209
2.35541e-22 -0.000113561 0.0206125 0.020499
2.39824e-22 -0.000113362 0.0205135 0.0204001
2.44106e-22 -0.000113224 0.0204452 0.020332
2.48389e-22 -0.000113164 0.0204152 0.0203021
2.52671e-22 -0.000113184 0.0204254 0.0203122
2.56954e-22 -0.000113281 0.020474 0.0203608
2.61237e-22 -0.000113445 0.0205555 0.020442
2.65519e-22 -0.000113651 0.020657 0.0205433
2.69802e-22 -0.000113856 0.0207586 0.0206447
2.74084e-22 -0.00011402 0.0208398 0.0207258
2.78367e-22 -0.000114116 0.0208883 0.0207742
2.82649e-22 -0.000114148 0.0209052 0.020791
2.86932e-22 -0.000114145 0.020905 0.0207908
2.91215e-22 -0.000114153 0.0209103 0.0207962
2.95497e-22 -0.000114219 0.0209442 0.02083
2.9978e-22 -0.000114372 0.0210206 0.0209063
3.04062e-22 -0.000114607 0.0211368 0.0210222
3.08345e-22 -0.00011488 0.0212715 0.0211566
3.12627e-22 -0.000115129 0.0213945 0.0212794
3.1691e-22 -0.0001153 0.021479 0.0213637
3.21193e-22 -0.000115361 0.0215098 0.0213944
3.25475e-22 -0.00011531 0.0214848 0.0213695
3.29758e-22 -0.000115163 0.0214124 0.0212973
3.3404e-22 -0.000114954 0.021309 0.021194
3.38323e-22 -0.000114728 0.0211979 0.0210832
3.42605e-22 -0.000114541 0.0211054 0.0209909
3.46888e-22 -0.000114434 0.0210523 0.0209379
3.51171e-22 -0.000114417 0.0210427 0.0209283
3.55453e-22 -0.000114452 0.0210571 0.0209427
3.59736e-22 -0.000114455 0.0210557 0.0209413
3.64018e-22 -0.000114336 0.0209939 0.0208796
3.68301e-22 -0.000114033 0.0208423 0.0207283
3.72583e-22 -0.000113548 0.0206012 0.0204876
3.76866e-22 -0.000112942 0.0203016 0.0201887
3.81149e-22 -0.000112322 0.0199949 0.0198826
3.85431e-22 -0.000111801 0.0197371 0.0196253
3.89714e-22 -0.000111476 0.0195766 0.0194651
3.93996e-22 -0.000111411 0.0195447 0.0194333
3.98279e-22 -0.000111617 0.0196459 0.0195343
4.02561e-22 -0.00011204 0.0198543 0.0197422
4.06844e-22 -0.000112585 0.0201237 0.0200111
4.11126e-22 -0.000113154 0.0204068 0.0202936
4.15409e-22 -0.000113681 0.0206697 0.020556
4.19692e-22 -0.000114134 0.0208964 0.0207822
4.23974e-22 -0.000114507 0.0210826 0.0209681
4.28257e-22 -0.000114795 0.0212266 0.0211118
4.32539e-22 -0.000114991 0.0213245 0.0212095
4.36822e-22 -0.000115085 0.0213708 0.0212557
4.41104e-22 -0.000115065 0.0213609 0.0212458
4.45387e-22 -0.000114933 0.0212955 0.0211805
4.4967e-22 -0.000114714 0.0211873 0.0210725
4.53952e-22 -0.000114465 0.0210653 0.0209508
4.58235e-22 -0.000114267 0.0209687 0.0208545
4.62517e-22 -0.000114191 0.0209315 0.0208173
4.668e-22 -0.000114265 0.0209681 0.0208539
4.71082e-22 -0.000114471 0.0210694 0.020955
4.75365e-22 -0.000114752 0.0212077 0.0210929
4.79648e-22 -0.000115033 0.0213463 0.0212312
4.8393e-22 -0.000115251 0.0214544 0.0213392
4.88213e-22 -0.000115379 0.0215191 0.0214037
4.92495e-22 -0.000115428 0.0215451 0.0214297
4.96778e-22 -0.000115431 0.0215478 0.0214323
5.0106e-22 -0.000115425 0.0215465 0.0214311
5.05343e-22 -0.000115451 0.0215605 0.021445
5.09626e-22 -0.000115533 0.021602 0.0214865
5.13908e-22 -0.000115671 0.02167 0.0215544
5.18191e-22 -0.000115831 0.0217485 0.0216327
5.22473e-22 -0.000115963 0.0218126 0.0216966
5.26756e-22 -0.000116014 0.0218369 0.0217209
5.31038e-22 -0.000115945 0.021802 0.021686
5.35321e-22 -0.000115737 0.0216978 0.0215821
5.39604e-22 -0.00011539 0.0215245 0.0214091
5.43886e-22 -0.000114921 0.0212909 0.021176
5.48169e-22 -0.000114365 0.0210143 0.0209
5.52451e-22 -0.000113772 0.0207193 0.0206055
5.56734e-22 -0.0001132 0.0204349 0.0203217
5.61016e-22 -0.000112702 0.0201866 0.0200739
5.65299e-22 -0.000112306 0.0199883 0.019876
5.69581e-22 -0.000112013 0.0198411 0.0197291
5.73864e-22 -0.000111807 0.0197371 0.0196253
5.78147e-22 -0.000111668 0.0196674 0.0195558
5.82429e-22 -0.000111588 0.0196276 0.0195161
5.86712e-22 -0.000111569 0.0196182 0.0195067
5.90994e-22 -0.000111613 0.0196406 0.019529
5.95277e-22 -0.000111721 0.0196943 0.0195826
5.99559e-22 -0.000111888 0.0197783 0.0196664
6.03842e-22 -0.000112112 0.0198901 0.019778
6.08125e-22 -0.00011238 0.0200233 0.0199109
6.12407e-22 -0.000112666 0.0201649 0.0200522
6.1669e-22 -0.000112931 0.0202961 0.0201832
6.20972e-22 -0.000113133 0.0203965 0.0202834
6.25255e-22 -0.000113241 0.0204499 0.0203366
6.29537e-22 -0.000113237 0.0204477 0.0203345
6.3382e-22 -0.000113121 0.0203903 0.0202771
6.38103e-22 -0.000112913 0.0202874 0.0201744
6.42385e-22 -0.000112656 0.020161 0.0200483
6.46668e-22 -0.00011242 0.0200458 0.0199333
6.5095e-22 -0.000112286 0.0199804 0.0198682
6.55233e-22 -0.000112309 0.019992 0.0198797
6.59515e-22 -0.000112494 0.020083 0.0199705
6.63798e-22 -0.000112797 0.0202325 0.0201197
6.68081e-22 -0.000113154 0.0204096 0.0202964
6.72363e-22 -0.000113515 0.0205897 0.0204762
6.76646e-22 -0.00011386 0.0207624 0.0206486
6.80928e-22 -0.00011419 0.0209276 0.0208134
6.85211e-22 -0.000114507 0.0210859 0.0209714
6.89493e-22 -0.000114799 0.0212315 0.0211167
6.93776e-22 -0.000115042 0.0213523 0.0212373
6.98059e-22 -0.000115211 0.0214364 0.0213212
7.02341e-22 -0.000115297 0.0214799 0.0213646
7.06624e-22 -0.000115313 0.0214885 0.0213732
7.10906e-22 -0.000115278 0.0214712 0.0213559
7.15189e-22 -0.000115198 0.0214303 0.0213151
7.19471e-22 -0.000115055 0.0213572 0.0212422
7.23754e-22 -0.000114819 0.0212386 0.0211238
7.28036e-22 -0.000114478 0.0210682 0.0209537
7.32319e-22 -0.00011406 0.0208618 0.0207478
7.36602e-22 -0.000113659 0.0206655 0.0205519
7.40884e-22 -0.000113403 0.0205405 0.0204271
7.45167e-22 -0.000113381 0.0205295 0.0204162
7.49449e-22 -0.000113594 0.0206335 0.0205199
7.53732e-22 -0.000113965 0.0208157 0.0207017
7.58014e-22 -0.000114383 0.021022 0.0209076
7.62297e-22 -0.000114747 0.0212021 0.0210873
7.6658e-22 -0.000114991 0.0213238 0.0212088
7.70862e-22 -0.000115093 0.0213751 0.02126
7.75145e-22 -0.000115056 0.0213572 0.0212422
7.79427e-22 -0.000114896 0.021278 0.0211631
7.8371e-22 -0.000114637 0.0211497 0.021035
7.87992e-22 -0.000114315 0.0209898 0.0208755
7.92275e-22 -0.000113975 0.0208212 0.0207073
7.96558e-22 -0.000113666 0.0206675 0.0205539
8.0084e-22 -0.00011342 0.0205445 0.020431
8.05123e-22 -0.000113239 0.0204534 0.0203402
8.09405e-22 -0.000113107 0.0203863 0.0202732
8.13688e-22 -0.000113005 0.0203356 0.0202226
8.1797e-22 -0.000112932 0.0202989 0.020186
8.22253e-22 -0.000112894 0.0202807 0.0201678
8.26536e-22 -0.000112906 0.0202869 0.020174
8.30818e-22 -0.000112964 0.0203146 0.0202016
8.35101e-22 -0.000113029 0.0203452 0.0202322
8.39383e-22 -0.000113044 0.020351 0.0202379
8.43666e-22 -0.000112962 0.0203096 0.0201967
8.47948e-22 -0.000112772 0.0202152 0.0201024
8.52231e-22 -0.000112495 0.0200781 0.0199656
8.56514e-22 -0.000112172 0.019918 0.0198058
8.60796e-22 -0.000111849 0.0197575 0.0196457
8.65079e-22 -0.00011157 0.019619 0.0195075
8.69361e-22 -0.000111372 0.0195204 0.019409
8.73644e-22 -0.000111271 0.0194702 0.0193589
8.77926e-22 -0.000111268 0.0194682 0.0193569
8.82209e-22 -0.000111352 0.0195094 0.019398
8.86491e-22 -0.000111508 0.0195874 0.0194759
8.90774e-22 -0.000111725 0.0196953 0.0195836
8.95057e-22 -0.000111983 0.0198234 0.0197114
8.99339e-22 -0.000112256 0.0199592 0.0198469
9.03622e-22 -0.000112521 0.0200918 0.0199793
9.07904e-22 -0.000112771 0.0202169 0.0201042
9.12187e-22 -0.000113006 0.0203351 0.0202221
9.16469e-22 -0.000113227 0.0204452 0.020332
9.20752e-22 -0.000113416 0.0205384 0.020425
9.25035e-22 -0.000113538 0.0205985 0.020485
9.29317e-22 -0.000113563 0.020611 0.0204974
9.336e-22 -0.000113484 0.0205724 0.020459
9.37882e-22 -0.000113325 0.0204942 0.0203809
9.42165e-22 -0.000113131 0.020399 0.0202858
9.46447e-22 -0.000112958 0.0203143 0.0202013
9.5073e-22 -0.000112858 0.0202654 0.0201525
9.55013e-22 -0.000112864 0.0202681 0.0201553
9.59295e-22 -0.000112972 0.0203209 0.0202079
9.63578e-22 -0.000113142 0.0204038 0.0202907
9.6786e-22 -0.000113314 0.0204884 0.0203751
9.72143e-22 -0.00011344 0.0205507 0.0204373
9.76425e-22 -0.000113494 0.020578 0.0204645
9.80708e-22 -0.000113472 0.0205668 0.0204533
9.84991e-22 -0.000113378 0.0205207 0.0204073
9.89273e-22 -0.000113236 0.0204505 0.0203373
9.93556e-22 -0.00011308 0.0203738 0.0202607
9.97838e-22 -0.000112953 0.0203111 0.0201982
1.00212e-21 -0.000112889 0.0202795 0.0201666
1.0064e-21 -0.000112903 0.0202863 0.0201734
1.01069e-21 -0.000112984 0.020325 0.020212
1.01497e-21 -0.000113089 0.0203766 0.0202635
1.01925e-21 -0.00011318 0.0204211 0.0203079
1.02353e-21 -0.000113229 0.0204455 0.0203322
1.02782e-21 -0.000113229 0.0204456 0.0203323
1.0321e-21 -0.000113188 0.0204264 0.0203132
1.03638e-21 -0.00011314 0.0204035 0.0202903
1.04066e-21 -0.000113127 0.0203986 0.0202855
1.04495e-21 -0.000113188 0.0204292 0.020316
1.04923e-21 -0.000113331 0.0205002 0.0203869
1.05351e-21 -0.000113541 0.0206047 0.0204911
1.05779e-21 -0.000113796 0.0207314 0.0206176
1.06208e-21 -0.000114073 0.0208698 0.0207557
1.06636e-21 -0.000114353 0.0210086 0.0208942
1.07064e-21 -0.000114602 0.0211318 0.0210172
1.07492e-21 -0.000114777 0.0212177 0.0211029
1.07921e-21 -0.000114834 0.0212457 0.0211309
1.08349e-21 -0.000114757 0.0212081 0.0210933
1.08777e-21 -0.000114569 0.0211155 0.0210009
1.09205e-21 -0.000114315 0.0209899 0.0208755
1.09634e-21 -0.000114039 0.0208527 0.0207386
1.10062e-21 -0.000113773 0.0207208 0.020607
1.1049e-21 -0.000113545 0.0206073 0.0204938
1.10918e-21 -0.000113374 0.0205222 0.0204089
1.11347e-21 -0.000113275 0.0204732 0.0203599
1.11775e-21 -0.00011326 0.0204656 0.0203524
1.12203e-21 -0.000113327 0.0204979 0.0203846
1.12632e-21 -0.000113446 0.020556 0.0204425
1.1306e-21 -0.000113568 0.0206151 0.0205016
1.13488e-21 -0.000113643 0.0206516 0.020538
1.13916e-21 -0.000113649 0.020655 0.0205413
1.14345e-21 -0.000113601 0.0206322 0.0205186
1.14773e-21 -0.000113539 0.0206031 0.0204896
1.15201e-21 -0.000113516 0.0205929 0.0204793
1.15629e-21 -0.000113572 0.0206208 0.0205073
1.16058e-21 -0.000113707 0.0206868 0.0205731
1.16486e-21 -0.000113871 0.0207661 0.0206522
1.16914e-21 -0.000113984 0.0208206 0.0207067
1.17342e-21 -0.000113981 0.0208181 0.0207041
1.17771e-21 -0.000113838 0.0207475 0.0206337
1.18199e-21 -0.000113585 0.0206224 0.0205088
1.18627e-21 -0.00011327 0.0204663 0.020353
1.19055e-21 -0.000112939 0.0203023 0.0201893
1.19484e-21 -0.000112648 0.020159 0.0200464
1.19912e-21 -0.000112468 0.0200708 0.0199584
1.2034e-21 -0.000112451 0.0200627 0.0199503
1.20768e-21 -0.0001126 0.0201361 0.0200235
1.21197e-21 -0.00011287 0.0202692 0.0201563
1.21625e-21 -0.000113198 0.0204318 0.0203186
1.22053e-21 -0.000113538 0.0206022 0.0204887
1.22481e-21 -0.000113878 0.0207725 0.0206586
1.2291e-21 -0.000114213 0.0209399 0.0208257
1.23338e-21 -0.000114527 0.021096 0.0209814
1.23766e-21 -0.000114785 0.0212236 0.0211088
1.24194e-21 -0.000114945 0.0213029 0.021188
1.24623e-21 -0.000114981 0.0213208 0.0212058
1.25051e-21 -0.000114896 0.0212795 0.0211646
1.25479e-21 -0.000114729 0.021198 0.0210832
1.25907e-21 -0.000114538 0.0211039 0.0209893
1.26336e-21 -0.000114368 0.021019 0.0209047
1.26764e-21 -0.00011423 0.0209496 0.0208354
1.27192e-21 -0.000114109 0.020888 0.0207739
1.27621e-21 -0.000113976 0.0208204 0.0207064
1.28049e-21 -0.000113798 0.0207305 0.0206167
1.28477e-21 -0.00011355 0.0206058 0.0204922
1.28905e-21 -0.000113229 0.0204468 0.0203336
1.29334e-21 -0.000112878 0.0202729 0.0201601
1.29762e-21 -0.000112558 0.020115 0.0200025
1.3019e-21 -0.000112326 0.0199993 0.019887
1.30618e-21 -0.000112202 0.0199371 0.0198249
1.31047e-21 -0.000112179 0.0199247 0.0198125
1.31475e-21 -0.000112226 0.0199465 0.0198343
1.31903e-21 -0.000112299 0.0199818 0.0198695
1.32331e-21 -0.000112362 0.0200133 0.0199009
1.3276e-21 -0.000112404 0.0200348 0.0199224
1.33188e-21 -0.000112436 0.0200513 0.0199388
1.33616e-21 -0.000112475 0.020071 0.0199585
1.34044e-21 -0.000112529 0.0200974 0.0199849
1.34473e-21 -0.000112589 0.0201272 0.0200146
1.34901e-21 -0.000112647 0.0201561 0.0200435
1.35329e-21 -0.000112704 0.0201849 0.0200722
1.35757e-21 -0.000112773 0.0202206 0.0201078
1.36186e-21 -0.000112881 0.0202751 0.0201622
1.36614e-21 -0.000113053 0.0203619 0.0202488
1.37042e-21 -0.000113308 0.0204894 0.020376
1.3747e-21 -0.000113638 0.0206525 0.0205389
1.37899e-21 -0.000113997 0.0208301 0.0207161
1.38327e-21 -0.000114319 0.020989 0.0208747
1.38755e-21 -0.000114537 0.021097 0.0209824
1.39183e-21 -0.000114615 0.021136 0.0210214
1.39612e-21 -0.000114559 0.0211094 0.0209949
1.4004e-21 -0.000114416 0.0210403 0.0209258
1.40468e-21 -0.000114257 0.0209632 0.020849
1.40896e-21 -0.000114149 0.0209099 0.0207958
1.41325e-21 -0.000114115 0.0208917 0.0207776
1.41753e-21 -0.000114122 0.0208927 0.0207786
1.42181e-21 -0.000114102 0.0208806 0.0207665
1.42609e-21 -0.000113996 0.0208269 0.0207129
1.43038e-21 -0.000113789 0.0207246 0.0206109
1.43466e-21 -0.000113519 0.0205924 0.0204789
1.43894e-21 -0.000113256 0.0204624 0.0203491
1.44323e-21 -0.000113051 0.0203605 0.0202475
1.44751e-21 -0.00011292 0.020294 0.0201811
1.45179e-21 -0.000112844 0.0202558 0.020143
1.45607e-21 -0.000112806 0.0202366 0.0201238
1.46036e-21 -0.000112798 0.0202329 0.0201201
1.46464e-21 -0.000112826 0.0202472 0.0201344
1.46892e-21 -0.000112895 0.0202814 0.0201685
1.4732e-21 -0.00011299 0.0203282 0.0202152
1.47749e-21 -0.000113082 0.0203733 0.0202602
1.48177e-21 -0.000113138 0.0204005 0.0202874
1.48605e-21 -0.000113131 0.0203961 0.0202829
1.49033e-21 -0.000113044 0.0203526 0.0202396
1.49462e-21 -0.000112888 0.0202757 0.0201629
1.4989e-21 -0.000112706 0.0201872 0.0200745
1.50318e-21 -0.000112571 0.0201218 0.0200093
1.50746e-21 -0.000112556 0.0201155 0.020003
1.51175e-21 -0.000112705 0.0201894 0.0200767
1.51603e-21 -0.000113006 0.0203381 0.0202251
1.52031e-21 -0.000113399 0.0205318 0.0204184
1.52459e-21 -0.0001138 0.0207299 0.0206161
1.52888e-21 -0.000114136 0.0208965 0.0207824
1.53316e-21 -0.000114361 0.0210086 0.0208943
1.53744e-21 -0.00011446 0.021059 0.0209445
1.54172e-21 -0.000114443 0.0210504 0.0209359
1.54601e-21 -0.000114316 0.020987 0.0208727
1.55029e-21 -0.000114087 0.0208731 0.020759
1.55457e-21 -0.000113779 0.020721 0.0206072
1.55885e-21 -0.000113447 0.0205577 0.0204442
1.56314e-21 -0.000113162 0.020417 0.0203038
1.56742e-21 -0.000112971 0.0203213 0.0202084
1.5717e-21 -0.000112869 0.0202686 0.0201557
1.57598e-21 -0.000112807 0.0202356 0.0201228
1.58027e-21 -0.000112731 0.020197 0.0200842
1.58455e-21 -0.000112622 0.0201433 0.0200306
1.58883e-21 -0.000112506 0.0200872 0.0199747
1.59312e-21 -0.000112437 0.020054 0.0199415
1.5974e-21 -0.000112457 0.0200638 0.0199514
1.60168e-21 -0.000112571 0.0201203 0.0200078
1.60596e-21 -0.000112759 0.0202133 0.0201006
1.61025e-21 -0.000112996 0.0203317 0.0202187
1.61453e-21 -0.000113275 0.0204712 0.020358
1.61881e-21 -0.000113592 0.0206289 0.0205153
1.62309e-21 -0.00011392 0.0207915 0.0206776
1.62738e-21 -0.000114211 0.0209357 0.0208215
1.63166e-21 -0.000114421 0.0210402 0.0209258
1.63594e-21 -0.000114532 0.0210964 0.0209818
1.64022e-21 -0.00011455 0.0211054 0.0209909
1.64451e-21 -0.000114483 0.0210722 0.0209577
1.64879e-21 -0.000114341 0.0210017 0.0208873
1.65307e-21 -0.000114137 0.0209 0.0207859
1.65735e-21 -0.000113886 0.020775 0.0206611
1.66164e-21 -0.000113606 0.0206352 0.0205216
1.66592e-21 -0.000113312 0.0204883 0.020375
1.6702e-21 -0.000113014 0.0203388 0.0202258
1.67448e-21 -0.000112708 0.0201857 0.020073
1.67877e-21 -0.000112384 0.020023 0.0199106
1.68305e-21 -0.000112033 0.0198484 0.0197363
1.68733e-21 -0.000111683 0.0196751 0.0195634
1.69161e-21 -0.000111397 0.0195344 0.019423
1.6959e-21 -0.000111247 0.0194605 0.0193492
1.70018e-21 -0.000111266 0.0194692 0.0193579
1.70446e-21 -0.000111426 0.0195466 0.0194352
1.70874e-21 -0.000111653 0.0196575 0.0195458
1.71303e-21 -0.000111869 0.019764 0.0196521
1.71731e-21 -0.000112034 0.0198469 0.0197349
1.72159e-21 -0.000112168 0.019916 0.0198038
1.72587e-21 -0.000112332 0.02 0.0198877
1.73016e-21 -0.000112575 0.0201216 0.020009
1.73444e-21 -0.000112896 0.0202806 0.0201677
1.73872e-21 -0.000113254 0.0204583 0.020345
1.743e-21 -0.000113597 0.0206281 0.0205145
1.74729e-21 -0.000113863 0.0207595 0.0206457
1.75157e-21 -0.000113991 0.0208215 0.0207075
1.75585e-21 -0.000113928 0.0207894 0.0206755
1.76014e-21 -0.000113656 0.020654 0.0205403
1.76442e-21 -0.000113199 0.0204277 0.0203145
1.7687e-21 -0.000112638 0.0201512 0.0200386
1.77298e-21 -0.00011211 0.0198913 0.0197792
1.77727e-21 -0.000111753 0.0197144 0.0196027
1.78155e-21 -0.000111625 0.0196497 0.0195381
1.78583e-21 -0.0001117 0.0196852 0.0195735
1.79011e-21 -0.00011191 0.0197875 0.0196756
1.7944e-21 -0.000112169 0.0199147 0.0198025
1.79868e-21 -0.000112398 0.0200284 0.019916
1.80296e-21 -0.000112554 0.0201066 0.019994
1.80724e-21 -0.000112633 0.0201473 0.0200347
1.81153e-21 -0.000112664 0.0201646 0.0200519
1.81581e-21 -0.000112689 0.0201781 0.0200654
1.82009e-21 -0.000112739 0.0202032 0.0200905
1.82437e-21 -0.000112823 0.0202448 0.020132
1.82866e-21 -0.000112931 0.0202983 0.0201854
1.83294e-21 -0.000113047 0.0203558 0.0202428
1.83722e-21 -0.000113163 0.0204137 0.0203005
1.8415e-21 -0.000113283 0.0204741 0.0203608
1.84579e-21 -0.000113418 0.0205419 0.0204285
1.85007e-21 -0.000113574 0.0206198 0.0205062
1.85435e-21 -0.000113747 0.0207058 0.0205921
1.85863e-21 -0.000113926 0.0207948 0.0206809
1.86292e-21 -0.000114093 0.0208777 0.0207636
1.8672e-21 -0.000114229 0.0209455 0.0208313
1.87148e-21 -0.000114332 0.0209982 0.0208839
1.87576e-21 -0.000114436 0.0210523 0.0209379
1.88005e-21 -0.000114597 0.0211342 0.0210196
1.88433e-21 -0.000114854 0.021263 0.0211481
1.88861e-21 -0.000115199 0.0214331 0.0213179
1.89289e-21 -0.00011556 0.0216108 0.0214953
1.89718e-21 -0.000115842 0.0217497 0.0216339
1.90146e-21 -0.000115966 0.0218106 0.0216946
1.90574e-21 -0.000115891 0.0217734 0.0216575
1.91003e-21 -0.000115618 0.021638 0.0215224
1.91431e-21 -0.000115181 0.021421 0.0213058
1.91859e-21 -0.000114636 0.0211508 0.0210362
1.92287e-21 -0.000114051 0.0208595 0.0207455
1.92716e-21 -0.000113478 0.0205739 0.0204604
1.93144e-21 -0.000112951 0.0203109 0.0201979
1.93572e-21 -0.00011249 0.0200804 0.0199679
1.94e-21 -0.000112108 0.0198895 0.0197774
1.94429e-21 -0.000111815 0.0197433 0.0196314
1.94857e-21 -0.000111612 0.0196411 0.0195295
1.95285e-21 -0.000111486 0.019578 0.0194665
1.95713e-21 -0.000111432 0.019551 0.0194395
1.96142e-21 -0.000111462 0.0195673 0.0194558
1.9657e-21 -0.000111609 0.0196414 0.0195298
1.96998e-21 -0.000111893 0.0197833 0.0196714
1.97426e-21 -0.000112304 0.0199876 0.0198753
1.97855e-21 -0.0001128 0.0202339 0.0201211
1.98283e-21 -0.000113323 0.0204939 0.0203806
1.98711e-21 -0.000113816 0.0207388 0.020625
1.99139e-21 -0.000114223 0.020941 0.0208268
1.99568e-21 -0.000114496 0.021076 0.0209615
1.99996e-21 -0.0001146 0.0211281 0.0210135
2.00424e-21 -0.000114539 0.021099 0.0209845
2.00852e-21 -0.000114361 0.021012 0.0208976
2.01281e-21 -0.000114136 0.0209012 0.0207871
2.01709e-21 -0.000113919 0.0207926 0.0206787
2.02137e-21 -0.000113719 0.0206914 0.0205776
2.02565e-21 -0.000113516 0.0205896 0.0204761
2.02994e-21 -0.000113306 0.0204849 0.0203716
2.03422e-21 -0.000113108 0.0203872 0.0202741
2.0385e-21 -0.000112956 0.0203115 0.0201986
2.04278e-21 -0.000112872 0.0202701 0.0201572
2.04707e-21 -0.000112869 0.0202678 0.0201549
2.05135e-21 -0.000112929 0.0202962 0.0201832
2.05563e-21 -0.000113002 0.0203308 0.0202178
2.05991e-21 -0.000113038 0.0203489 0.0202358
2.0642e-21 -0.000113034 0.0203485 0.0202355
2.06848e-21 -0.000113025 0.0203453 0.0202323
2.07276e-21 -0.000113047 0.0203571 0.020244
2.07705e-21 -0.000113126 0.0203971 0.020284
2.08133e-21 -0.00011328 0.0204744 0.0203611
2.08561e-21 -0.000113514 0.0205906 0.0204771
2.08989e-21 -0.0001138 0.0207321 0.0206183
2.09418e-21 -0.000114078 0.0208687 0.0207547
2.09846e-21 -0.000114276 0.0209664 0.0208521
2.10274e-21 -0.000114347 0.0210016 0.0208873
2.10702e-21 -0.000114277 0.0209671 0.0208529
2.11131e-21 -0.000114082 0.020871 0.020757
2.11559e-21 -0.000113805 0.0207346 0.0206207
2.11987e-21 -0.000113506 0.0205865 0.020473
2.12415e-21 -0.000113238 0.0204538 0.0203405
2.12844e-21 -0.00011304 0.0203548 0.0202418
2.13272e-21 -0.000112927 0.0202987 0.0201858
2.137e-21 -0.000112899 0.0202835 0.0201706
2.14128e-21 -0.000112924 0.0202949 0.020182
2.14557e-21 -0.000112962 0.020313 0.0202
2.14985e-21 -0.00011298 0.020322 0.020209
2.15413e-21 -0.000112966 0.0203152 0.0202022
2.15841e-21 -0.000112919 0.0202918 0.0201789
2.1627e-21 -0.000112843 0.0202543 0.0201414
2.16698e-21 -0.00011275 0.0202081 0.0200954
2.17126e-21 -0.00011266 0.0201643 0.0200516
2.17554e-21 -0.000112607 0.0201388 0.0200262
2.17983e-21 -0.000112625 0.020148 0.0200354
2.18411e-21 -0.000112732 0.0202014 0.0200887
2.18839e-21 -0.000112926 0.0202975 0.0201846
2.19267e-21 -0.000113177 0.0204217 0.0203085
2.19696e-21 -0.000113433 0.0205474 0.020434
2.20124e-21 -0.000113628 0.0206435 0.0205299
2.20552e-21 -0.000113716 0.0206868 0.0205731
2.2098e-21 -0.00011369 0.0206758 0.0205621
2.21409e-21 -0.000113603 0.0206346 0.020521
2.21837e-21 -0.000113529 0.020599 0.0204855
2.22265e-21 -0.000113511 0.0205896 0.0204761
2.22694e-21 -0.000113532 0.0205985 0.020485
2.23122e-21 -0.000113545 0.0206035 0.0204899
2.2355e-21 -0.00011351 0.0205858 0.0204723
2.23978e-21 -0.000113412 0.0205364 0.020423
2.24407e-21 -0.000113248 0.0204555 0.0203423
2.24835e-21 -0.000113041 0.0203529 0.0202398
2.25263e-21 -0.000112826 0.0202469 0.0201341
2.25691e-21 -0.000112649 0.0201596 0.020047
2.2612e-21 -0.000112551 0.0201115 0.019999
2.26548e-21 -0.000112565 0.0201189 0.0200063
2.26976e-21 -0.000112708 0.0201906 0.0200779
2.27404e-21 -0.000112976 0.0203229 0.02021
2.27833e-21 -0.000113325 0.0204953 0.020382
2.28261e-21 -0.000113687 0.020674 0.0205603
2.28689e-21 -0.000113987 0.0208229 0.0207089
2.29117e-21 -0.000114175 0.0209165 0.0208024
2.29546e-21 -0.000114237 0.0209483 0.0208341
2.29974e-21 -0.000114193 0.0209273 0.0208131
2.30402e-21 -0.000114074 0.0208689 0.0207548
2.3083e-21 -0.000113913 0.0207894 0.0206755
2.31259e-21 -0.000113739 0.0207029 0.0205892
2.31687e-21 -0.000113571 0.0206189 0.0205053
2.32115e-21 -0.000113413 0.02054 0.0204266
2.32543e-21 -0.000113262 0.0204636 0.0203503
2.32972e-21 -0.000113101 0.0203827 0.0202696
2.334e-21 -0.000112913 0.0202875 0.0201746
2.33828e-21 -0.000112676 0.0201692 0.0200565
2.34256e-21 -0.000112391 0.020027 0.0199146
2.34685e-21 -0.000112079 0.0198723 0.0197602
2.35113e-21 -0.000111783 0.0197252 0.0196134
2.35541e-21 -0.000111546 0.0196079 0.0194963
2.35969e-21 -0.000111408 0.01954 0.0194286
2.36398e-21 -0.000111397 0.0195344 0.019423
2.36826e-21 -0.000111515 0.0195926 0.0194811
2.37254e-21 -0.000111737 0.0197027 0.019591
2.37682e-21 -0.000112024 0.0198448 0.0197328
2.38111e-21 -0.000112331 0.0199973 0.019885
2.38539e-21 -0.000112621 0.0201422 0.0200295
2.38967e-21 -0.000112869 0.0202655 0.0201527
2.39396e-21 -0.000113052 0.0203567 0.0202436
2.39824e-21 -0.000113154 0.0204075 0.0202943
2.40252e-21 -0.000113166 0.0204139 0.0203007
2.4068e-21 -0.000113092 0.0203776 0.0202645
2.41109e-21 -0.000112946 0.0203054 0.0201924
2.41537e-21 -0.000112749 0.0202073 0.0200946
2.41965e-21 -0.000112522 0.0200941 0.0199816
2.42393e-21 -0.000112284 0.0199758 0.0198635
2.42822e-21 -0.000112056 0.0198624 0.0197504
2.4325e-21 -0.000111859 0.0197641 0.0196523
2.43678e-21 -0.000111709 0.0196898 0.0195781
2.44106e-21 -0.000111623 0.019647 0.0195353
2.44535e-21 -0.000111609 0.0196392 0.0195276
2.44963e-21 -0.000111654 0.0196599 0.0195483
2.45391e-21 -0.000111712 0.0196867 0.019575
2.45819e-21 -0.000111719 0.0196883 0.0195766
2.46248e-21 -0.000111627 0.0196426 0.0195309
2.46676e-21 -0.000111438 0.0195493 0.0194379
2.47104e-21 -0.000111196 0.0194303 0.0193191
2.47532e-21 -0.000110971 0.0193204 0.0192094
2.47961e-21 -0.000110843 0.0192581 0.0191472
2.48389e-21 -0.000110869 0.0192718 0.0191609
2.48817e-21 -0.00011106 0.0193653 0.0192542
2.49245e-21 -0.000111359 0.0195114 0.0194
2.49674e-21 -0.000111668 0.0196629 0.0195513
2.50102e-21 -0.000111897 0.0197764 0.0196646
2.5053e-21 -0.000112009 0.0198329 0.0197209
2.50958e-21 -0.00011202 0.01984 0.019728
2.51387e-21 -0.000111972 0.0198169 0.0197049
2.51815e-21 -0.000111894 0.0197784 0.0196665
2.52243e-21 -0.0001118 0.0197315 0.0196197
2.52671e-21 -0.000111694 0.0196789 0.0195672
2.531e-21 -0.000111583 0.0196239 0.0195123
2.53528e-21 -0.000111478 0.0195715 0.01946
2.53956e-21 -0.000111394 0.0195303 0.0194189
2.54385e-21 -0.000111357 0.019513 0.0194016
2.54813e-21 -0.000111404 0.0195376 0.0194262
2.55241e-21 -0.000111571 0.019621 0.0195094
2.55669e-21 -0.000111855 0.0197616 0.0196498
2.56098e-21 -0.000112205 0.0199345 0.0198223
2.56526e-21 -0.00011256 0.0201114 0.0199988
2.56954e-21 -0.000112893 0.0202782 0.0201653
2.57382e-21 -0.000113204 0.0204342 0.020321
2.57811e-21 -0.0001135 0.0205828 0.0204693
2.58239e-21 -0.000113789 0.0207276 0.0206138
2.58667e-21 -0.000114074 0.0208705 0.0207564
2.59095e-21 -0.000114355 0.0210108 0.0208964
2.59524e-21 -0.000114625 0.0211458 0.0210312
2.59952e-21 -0.000114877 0.0212715 0.0211566
2.6038e-21 -0.000115097 0.0213806 0.0212655
2.60808e-21 -0.000115257 0.0214593 0.0213441
2.61237e-21 -0.00011532 0.0214898 0.0213745
2.61665e-21 -0.000115256 0.0214577 0.0213425
2.62093e-21 -0.000115056 0.0213579 0.0212429
2.62521e-21 -0.000114729 0.0211946 0.0210799
2.6295e-21 -0.000114294 0.0209779 0.0208636
2.63378e-21 -0.000113784 0.0207245 0.0206107
2.63806e-21 -0.000113254 0.0204615 0.0203483
2.64234e-21 -0.000112782 0.0202282 0.0201154
2.64663e-21 -0.000112455 0.0200668 0.0199544
2.65091e-21 -0.000112334 0.0200065 0.0198941
2.65519e-21 -0.00011242 0.0200476 0.0199352
2.65947e-21 -0.000112658 0.0201637 0.0200511
2.66376e-21 -0.000112967 0.0203158 0.0202028
2.66804e-21 -0.000113272 0.0204668 0.0203535
2.67232e-21 -0.000113519 0.0205893 0.0204758
2.6766e-21 -0.000113675 0.0206673 0.0205536
2.68089e-21 -0.000113734 0.0206974 0.0205837
2.68517e-21 -0.000113714 0.0206882 0.0205745
2.68945e-21 -0.000113644 0.0206538 0.0205402
2.69373e-21 -0.000113546 0.0206047 0.0204912
2.69802e-21 -0.000113423 0.0205427 0.0204293
2.7023e-21 -0.000113271 0.0204672 0.0203539
2.70658e-21 -0.000113105 0.0203852 0.0202721
2.71087e-21 -0.000112964 0.0203162 0.0202033
2.71515e-21 -0.000112895 0.0202826 0.0201697
2.71943e-21 -0.000112922 0.0202956 0.0201826
2.72371e-21 -0.000113034 0.0203505 0.0202375
2.728e-21 -0.000113206 0.0204362 0.020323
2.73228e-21 -0.000113418 0.0205414 0.0204279
2.73656e-21 -0.000113638 0.0206503 0.0205367
2.74084e-21 -0.000113818 0.0207383 0.0206245
2.74513e-21 -0.000113899 0.020778 0.0206641
2.74941e-21 -0.00011385 0.0207538 0.02064
2.75369e-21 -0.000113682 0.0206714 0.0205578
2.75797e-21 -0.000113446 0.0205556 0.0204421
2.76226e-21 -0.000113207 0.0204376 0.0203244
2.76654e-21 -0.000113009 0.0203383 0.0202253
2.77082e-21 -0.000112854 0.0202601 0.0201472
2.7751e-21 -0.000112723 0.0201942 0.0200815
2.77939e-21 -0.000112604 0.0201345 0.0200219
2.78367e-21 -0.0001125 0.0200833 0.0199708
2.78795e-21 -0.000112429 0.020048 0.0199356
2.79223e-21 -0.000112401 0.0200342 0.0199218
2.79652e-21 -0.000112417 0.0200419 0.0199295
2.8008e-21 -0.000112465 0.0200655 0.019953
2.80508e-21 -0.000112529 0.0200969 0.0199844
2.80936e-21 -0.000112595 0.0201294 0.0200168
2.81365e-21 -0.000112652 0.020158 0.0200454
2.81793e-21 -0.000112697 0.0201804 0.0200677
2.82221e-21 -0.00011273 0.0201966 0.0200839
2.82649e-21 -0.000112758 0.020211 0.0200983
2.83078e-21 -0.0001128 0.0202328 0.02012
2.83506e-21 -0.000112879 0.020273 0.0201601
2.83934e-21 -0.00011301 0.020338 0.020225
2.84362e-21 -0.000113183 0.0204238 0.0203107
2.84791e-21 -0.000113363 0.0205121 0.0203988
2.85219e-21 -0.000113492 0.0205753 0.0204618
2.85647e-21 -0.000113524 0.0205912 0.0204777
2.86076e-21 -0.000113448 0.020554 0.0204406
2.86504e-21 -0.000113282 0.0204722 0.0203589
2.86932e-21 -0.000113058 0.0203609 0.0202478
2.8736e-21 -0.000112806 0.020235 0.0201222
2.87789e-21 -0.000112547 0.0201057 0.0199931
2.88217e-21 -0.000112293 0.0199786 0.0198664
2.88645e-21 -0.00011205 0.0198573 0.0197453
2.89073e-21 -0.00011183 0.019748 0.0196362
2.89502e-21 -0.000111658 0.0196625 0.0195509
2.8993e-21 -0.000111561 0.0196151 0.0195035
2.90358e-21 -0.000111564 0.0196166 0.019505
2.90786e-21 -0.000111671 0.01967 0.0195583
2.91215e-21 -0.00011187 0.0197685 0.0196567
2.91643e-21 -0.000112129 0.0198971 0.019785
2.92071e-21 -0.000112411 0.0200367 0.0199243
2.92499e-21 -0.000112673 0.0201665 0.0200538
2.92928e-21 -0.000112874 0.0202667 0.0201538
2.93356e-21 -0.000112995 0.0203277 0.0202147
2.93784e-21 -0.000113055 0.0203601 0.0202471
2.94212e-21 -0.00011311 0.0203894 0.0202762
2.94641e-21 -0.000113206 0.0204376 0.0203244
2.95069e-21 -0.000113353 0.0205108 0.0203975
2.95497e-21 -0.000113536 0.0206018 0.0204883
2.95925e-21 -0.000113731 0.0206986 0.0205849
2.96354e-21 -0.000113912 0.0207888 0.0206749
2.96782e-21 -0.000114058 0.0208616 0.0207476
2.9721e-21 -0.000114155 0.0209103 0.0207962
2.97638e-21 -0.0001142 0.0209328 0.0208186
2.98067e-21 -0.000114193 0.0209288 0.0208146
2.98495e-21 -0.00011413 0.020897 0.0207829
2.98923e-21 -0.000114006 0.020835 0.020721
2.99351e-21 -0.000113819 0.020741 0.0206271
2.9978e-21 -0.000113571 0.0206174 0.0205038
3.00208e-21 -0.000113282 0.0204738 0.0203605
3.00636e-21 -0.00011299 0.0203286 0.0202156
3.01064e-21 -0.000112743 0.0202069 0.0200941
3.01493e-21 -0.000112596 0.0201339 0.0200213
3.01921e-21 -0.000112579 0.0201248 0.0200122
3.02349e-21 -0.000112683 0.0201756 0.0200629
3.02778e-21 -0.000112867 0.0202657 0.0201529
3.03206e-21 -0.000113078 0.0203701 0.020257
3.03634e-21 -0.000113272 0.0204663 0.020353
3.04062e-21 -0.000113416 0.0205379 0.0204245
3.04491e-21 -0.000113489 0.0205741 0.0204606
3.04919e-21 -0.000113477 0.0205682 0.0204548
3.05347e-21 -0.000113379 0.0205197 0.0204063
3.05775e-21 -0.000113215 0.0204392 0.020326
3.06204e-21 -0.000113035 0.0203503 0.0202372
3.06632e-21 -0.000112883 0.0202746 0.0201617
3.0706e-21 -0.000112768 0.0202157 0.0201029
3.07488e-21 -0.000112662 0.0201621 0.0200495
3.07917e-21 -0.000112549 0.0201061 0.0199935
3.08345e-21 -0.000112441 0.0200529 0.0199405
3.08773e-21 -0.000112364 0.0200153 0.0199029
3.09201e-21 -0.000112341 0.020004 0.0198917
3.0963e-21 -0.000112382 0.0200246 0.0199123
3.10058e-21 -0.000112488 0.0200777 0.0199652
3.10486e-21 -0.000112648 0.0201563 0.0200437
3.10914e-21 -0.000112825 0.0202432 0.0201304
3.11343e-21 -0.000112969 0.0203137 0.0202007
3.11771e-21 -0.000113034 0.0203462 0.0202332
3.12199e-21 -0.000113011 0.0203354 0.0202223
3.12627e-21 -0.00011293 0.020297 0.0201841
3.13056e-21 -0.000112854 0.0202611 0.0201482
3.13484e-21 -0.00011284 0.020255 0.0201422
3.13912e-21 -0.000112916 0.0202932 0.0201803
3.1434e-21 -0.000113087 0.0203783 0.0202652
3.14769e-21 -0.000113344 0.0205062 0.0203928
3.15197e-21 -0.000113663 0.0206644 0.0205507
3.15625e-21 -0.000113996 0.0208287 0.0207147
3.16053e-21 -0.000114277 0.0209676 0.0208533
3.16482e-21 -0.00011445 0.0210532 0.0209387
3.1691e-21 -0.000114488 0.0210728 0.0209583
3.17338e-21 -0.000114413 0.0210377 0.0209233
3.17767e-21 -0.000114294 0.0209804 0.0208661
3.18195e-21 -0.000114204 0.0209367 0.0208225
3.18623e-21 -0.000114185 0.0209273 0.0208131
3.19051e-21 -0.000114233 0.02095 0.0208358
3.1948e-21 -0.000114306 0.0209845 0.0208702
3.19908e-21 -0.000114345 0.0210022 0.0208879
3.20336e-21 -0.000114295 0.0209761 0.0208618
3.20764e-21 -0.000114121 0.0208891 0.020775
3.21193e-21 -0.000113821 0.0207402 0.0206264
3.21621e-21 -0.000113431 0.0205474 0.020434
3.22049e-21 -0.000113026 0.0203474 0.0202344
3.22477e-21 -0.000112695 0.0201844 0.0200717
3.22906e-21 -0.000112509 0.0200914 0.0199789
3.23334e-21 -0.000112477 0.0200737 0.0199613
3.23762e-21 -0.000112551 0.0201085 0.019996
3.2419e-21 -0.000112659 0.020161 0.0200483
3.24619e-21 -0.000112748 0.0202053 0.0200925
3.25047e-21 -0.000112811 0.0202381 0.0201252
3.25475e-21 -0.000112883 0.0202757 0.0201628
3.25903e-21 -0.000113005 0.0203368 0.0202238
3.26332e-21 -0.000113184 0.0204259 0.0203127
3.2676e-21 -0.000113396 0.0205309 0.0204175
3.27188e-21 -0.000113607 0.0206359 0.0205223
3.27616e-21 -0.000113799 0.0207315 0.0206177
3.28045e-21 -0.000113963 0.0208131 0.0206991
3.28473e-21 -0.000114081 0.0208712 0.0207571
3.28901e-21 -0.000114125 0.0208926 0.0207784
3.29329e-21 -0.000114076 0.0208681 0.020754
3.29758e-21 -0.000113933 0.0207968 0.0206829
3.30186e-21 -0.000113704 0.0206825 0.0205688
3.30614e-21 -0.0001134 0.0205314 0.020418
3.31042e-21 -0.000113044 0.0203546 0.0202416
3.31471e-21 -0.000112673 0.0201705 0.0200578
3.31899e-21 -0.000112335 0.0200028 0.0198904
3.32327e-21 -0.000112079 0.0198759 0.0197638
3.32755e-21 -0.000111943 0.0198084 0.0196965
3.33184e-21 -0.000111945 0.0198098 0.0196979
3.33612e-21 -0.00011209 0.0198823 0.0197702
3.3404e-21 -0.000112367 0.0200196 0.0199072
3.34469e-21 -0.000112734 0.0202011 0.0200884
3.34897e-21 -0.000113126 0.0203956 0.0202825
3.35325e-21 -0.000113484 0.0205739 0.0204604
3.35753e-21 -0.000113775 0.0207192 0.0206054
3.36182e-21 -0.00011399 0.0208267 0.0207128
3.3661e-21 -0.000114132 0.0208979 0.0207838
3.37038e-21 -0.000114205 0.0209341 0.0208199
3.37466e-21 -0.000114209 0.0209358 0.0208216
3.37895e-21 -0.000114152 0.0209083 0.0207941
3.38323e-21 -0.000114064 0.0208653 0.0207513
3.38751e-21 -0.000113982 0.0208243 0.0207103
3.39179e-21 -0.00011392 0.0207927 0.0206788
3.39608e-21 -0.000113862 0.0207621 0.0206483
3.40036e-21 -0.000113772 0.0207163 0.0206026
3.40464e-21 -0.000113631 0.0206457 0.0205321
3.40892e-21 -0.00011345 0.0205571 0.0204436
3.41321e-21 -0.000113281 0.0204748 0.0203616
3.41749e-21 -0.000113189 0.0204303 0.0203171
3.42177e-21 -0.000113216 0.0204433 0.0203301
3.42605e-21 -0.000113352 0.0205097 0.0203964
3.43034e-21 -0.000113546 0.0206049 0.0204913
3.43462e-21 -0.000113735 0.0206974 0.0205837
3.4389e-21 -0.000113867 0.0207628 0.020649
3.44318e-21 -0.000113921 0.0207898 0.0206759
3.44747e-21 -0.000113905 0.0207833 0.0206694
3.45175e-21 -0.000113858 0.0207611 0.0206472
3.45603e-21 -0.000113816 0.0207397 0.0206258
3.46031e-21 -0.000113781 0.0207217 0.020608
3.4646e-21 -0.000113748 0.0207062 0.0205924
3.46888e-21 -0.000113745 0.0207066 0.0205929
3.47316e-21 -0.00011382 0.0207444 0.0206306
3.47744e-21 -0.000113973 0.0208187 0.0207047
3.48173e-21 -0.000114135 0.0208977 0.0207835
3.48601e-21 -0.000114232 0.0209452 0.020831
3.49029e-21 -0.000114232 0.0209462 0.020832
3.49458e-21 -0.000114151 0.020907 0.0207929
3.49886e-21 -0.000114024 0.0208446 0.0207306
3.50314e-21 -0.000113885 0.0207758 0.0206619
3.50742e-21 -0.00011375 0.0207074 0.0205936
3.51171e-21 -0.000113598 0.0206303 0.0205167
3.51599e-21 -0.000113398 0.0205301 0.0204167
3.52027e-21 -0.000113146 0.0204057 0.0202926
3.52455e-21 -0.00011288 0.0202743 0.0201614
3.52884e-21 -0.000112648 0.0201588 0.0200461
3.53312e-21 -0.000112473 0.0200709 0.0199585
3.5374e-21 -0.000112343 0.0200045 0.0198921
3.54168e-21 -0.000112216 0.0199393 0.0198271
3.54597e-21 -0.00011205 0.0198553 0.0197432
3.55025e-21 -0.000111835 0.0197496 0.0196378
3.55453e-21 -0.000111631 0.0196514 0.0195398
3.55881e-21 -0.000111562 0.0196211 0.0195095
3.5631e-21 -0.000111757 0.0197199 0.0196081
3.56738e-21 -0.000112246 0.0199613 0.0198491
3.57166e-21 -0.000112924 0.0202951 0.0201822
3.57594e-21 -0.000113628 0.0206438 0.0205302
3.58023e-21 -0.000114235 0.0209463 0.0208321
3.58451e-21 -0.000114689 0.0211735 0.0210588
3.58879e-21 -0.000114982 0.021321 0.021206
3.59307e-21 -0.000115128 0.0213943 0.0212792
3.59736e-21 -0.000115134 0.0213974 0.0212823
3.60164e-21 -0.000115 0.0213305 0.0212155
3.60592e-21 -0.000114731 0.0211961 0.0210813
3.6102e-21 -0.000114345 0.0210046 0.0208903
3.61449e-21 -0.000113888 0.0207777 0.0206638
3.61877e-21 -0.000113423 0.020547 0.0204336
3.62305e-21 -0.000113019 0.0203465 0.0202335
3.62733e-21 -0.000112727 0.0202006 0.0200879
3.63162e-21 -0.000112562 0.0201179 0.0200054
3.6359e-21 -0.000112521 0.0200973 0.0199848
3.64018e-21 -0.000112599 0.0201359 0.0200233
3.64446e-21 -0.000112788 0.0202296 0.0201168
3.64875e-21 -0.000113067 0.0203682 0.0202551
3.65303e-21 -0.000113399 0.0205326 0.0204192
3.65731e-21 -0.000113731 0.0206968 0.020583
3.6616e-21 -0.00011401 0.0208354 0.0207214
3.66588e-21 -0.000114208 0.0209347 0.0208205
3.67016e-21 -0.000114328 0.0209956 0.0208812
3.67444e-21 -0.000114388 0.0210262 0.0209118
3.67873e-21 -0.000114405 0.0210352 0.0209208
3.68301e-21 -0.000114395 0.0210304 0.020916
3.68729e-21 -0.000114365 0.0210153 0.020901
3.69157e-21 -0.000114309 0.0209868 0.0208725
3.69586e-21 -0.000114213 0.0209384 0.0208242
3.70014e-21 -0.000114074 0.0208695 0.0207554
3.70442e-21 -0.000113913 0.0207903 0.0206763
3.7087e-21 -0.000113766 0.0207177 0.020604
3.71299e-21 -0.000113665 0.0206677 0.0205541
3.71727e-21 -0.000113629 0.02065 0.0205364
3.72155e-21 -0.000113666 0.0206683 0.0205546
3.72583e-21 -0.000113775 0.0207225 0.0206087
3.73012e-21 -0.000113946 0.0208071 0.0206931
3.7344e-21 -0.000114149 0.0209073 0.0207931
3.73868e-21 -0.000114338 0.021 0.0208857
3.74296e-21 -0.00011447 0.0210663 0.0209518
3.74725e-21 -0.000114542 0.0211036 0.0209891
3.75153e-21 -0.00011459 0.0211293 0.0210148
3.75581e-21 -0.000114668 0.0211698 0.0210552
3.76009e-21 -0.000114818 0.021245 0.0211302
3.76438e-21 -0.000115044 0.0213573 0.0212423
3.76866e-21 -0.000115313 0.0214896 0.0213743
3.77294e-21 -0.000115559 0.02161 0.0214945
3.77722e-21 -0.000115707 0.0216822 0.0215665
3.78151e-21 -0.000115699 0.0216772 0.0215615
3.78579e-21 -0.00011551 0.0215835 0.021468
3.79007e-21 -0.000115158 0.0214085 0.0212933
3.79435e-21 -0.000114687 0.0211747 0.02106
3.79864e-21 -0.000114162 0.0209141 0.0207999
3.80292e-21 -0.000113661 0.020666 0.0205524
3.8072e-21 -0.000113272 0.0204734 0.0203602
3.81149e-21 -0.000113066 0.0203713 0.0202583
3.81577e-21 -0.000113066 0.0203695 0.0202564
3.82005e-21 -0.000113222 0.0204443 0.0203311
3.82433e-21 -0.000113441 0.0205507 0.0204373
3.82862e-21 -0.000113634 0.0206462 0.0205325
3.8329e-21 -0.000113757 0.0207077 0.0205939
3.83718e-21 -0.000113807 0.0207338 0.02062
3.84146e-21 -0.000113806 0.0207338 0.0206199
3.84575e-21 -0.000113772 0.020717 0.0206033
3.85003e-21 -0.000113716 0.0206894 0.0205757
3.85431e-21 -0.000113644 0.0206534 0.0205398
3.85859e-21 -0.000113556 0.0206095 0.0204959
3.86288e-21 -0.000113452 0.0205569 0.0204434
3.86716e-21 -0.000113326 0.0204935 0.0203802
3.87144e-21 -0.000113174 0.0204178 0.0203047
3.87572e-21 -0.000113008 0.0203358 0.0202228
3.88001e-21 -0.000112866 0.0202663 0.0201535
3.88429e-21 -0.000112798 0.0202333 0.0201205
3.88857e-21 -0.000112831 0.02025 0.0201372
3.89285e-21 -0.000112963 0.0203149 0.0202019
3.89714e-21 -0.000113159 0.0204117 0.0202985
3.90142e-21 -0.00011336 0.02051 0.0203966
3.9057e-21 -0.00011349 0.0205731 0.0204596
3.90998e-21 -0.00011349 0.0205725 0.020459
3.91427e-21 -0.000113341 0.0204991 0.0203857
3.91855e-21 -0.00011307 0.0203656 0.0202525
3.92283e-21 -0.000112739 0.0202021 0.0200893
3.92711e-21 -0.000112421 0.0200453 0.0199328
3.9314e-21 -0.000112185 0.0199285 0.0198164
3.93568e-21 -0.000112075 0.0198735 0.0197615
3.93996e-21 -0.000112095 0.0198819 0.0197698
3.94424e-21 -0.000112206 0.0199361 0.0198239
3.94853e-21 -0.000112368 0.0200169 0.0199046
3.95281e-21 -0.000112572 0.0201197 0.0200071
3.95709e-21 -0.000112829 0.0202481 0.0201353
3.96137e-21 -0.000113132 0.020399 0.0202859
3.96566e-21 -0.000113449 0.0205556 0.0204421
3.96994e-21 -0.000113731 0.0206961 0.0205824
3.97422e-21 -0.000113955 0.0208088 0.0206948
3.97851e-21 -0.000114131 0.0208982 0.0207841
3.98279e-21 -0.00011429 0.0209786 0.0208643
3.98707e-21 -0.000114455 0.0210613 0.0209468
3.99135e-21 -0.000114629 0.0211482 0.0210336
3.99564e-21 -0.000114802 0.0212342 0.0211194
3.99992e-21 -0.000114956 0.0213108 0.0211959
4.0042e-21 -0.000115076 0.0213701 0.021255
4.00848e-21 -0.000115146 0.0214047 0.0212895
4.01277e-21 -0.000115152 0.0214073 0.0212921
4.01705e-21 -0.000115079 0.0213698 0.0212547
4.02133e-21 -0.00011491 0.0212849 0.0211699
4.02561e-21 -0.000114639 0.021149 0.0210344
4.0299e-21 -0.000114274 0.0209675 0.0208532
4.03418e-21 -0.000113848 0.0207549 0.020641
4.03846e-21 -0.000113392 0.0205269 0.0204135
4.04274e-21 -0.000112923 0.0202929 0.0201799
4.04703e-21 -0.000112459 0.0200614 0.0199489
4.05131e-21 -0.000112026 0.0198461 0.0197341
4.05559e-21 -0.000111662 0.0196652 0.0195536
4.05987e-21 -0.000111413 0.0195429 0.0194314
4.06416e-21 -0.00011134 0.0195078 0.0193965
4.06844e-21 -0.000111483 0.0195791 0.0194676
4.07272e-21 -0.000111824 0.0197472 0.0196354
4.077e-21 -0.000112284 0.0199746 0.0198623
4.08129e-21 -0.000112769 0.0202151 0.0201024
4.08557e-21 -0.00011321 0.020435 0.0203218
4.08985e-21 -0.000113577 0.0206188 0.0205052
4.09413e-21 -0.000113863 0.0207618 0.020648
4.09842e-21 -0.000114058 0.0208585 0.0207444
4.1027e-21 -0.000114137 0.0208969 0.0207827
4.10698e-21 -0.000114076 0.0208663 0.0207522
4.11126e-21 -0.000113876 0.0207676 0.0206537
4.11555e-21 -0.000113571 0.020616 0.0205024
4.11983e-21 -0.000113205 0.0204346 0.0203214
4.12411e-21 -0.00011283 0.0202482 0.0201354
4.1284e-21 -0.000112489 0.0200788 0.0199663
4.13268e-21 -0.000112219 0.0199445 0.0198323
4.13696e-21 -0.000112048 0.0198596 0.0197476
4.14124e-21 -0.000111999 0.0198355 0.0197235
4.14553e-21 -0.000112085 0.0198782 0.0197661
4.14981e-21 -0.000112291 0.0199797 0.0198675
4.15409e-21 -0.000112567 0.0201162 0.0200036
4.15837e-21 -0.000112861 0.0202631 0.0201502
4.16266e-21 -0.000113159 0.0204133 0.0203001
4.16694e-21 -0.000113481 0.0205752 0.0204617
4.17122e-21 -0.000113843 0.0207555 0.0206417
4.1755e-21 -0.000114227 0.020946 0.0208318
4.17979e-21 -0.000114586 0.021124 0.0210094
4.18407e-21 -0.000114869 0.0212642 0.0211494
4.18835e-21 -0.000115043 0.0213513 0.0212362
4.19263e-21 -0.000115107 0.0213836 0.0212685
4.19692e-21 -0.000115073 0.0213665 0.0212515
4.2012e-21 -0.000114949 0.0213044 0.0211895
4.20548e-21 -0.000114748 0.0212051 0.0210903
4.20976e-21 -0.000114516 0.0210918 0.0209773
4.21405e-21 -0.000114333 0.0210024 0.0208881
4.21833e-21 -0.000114259 0.0209646 0.0208503
4.22261e-21 -0.000114281 0.0209736 0.0208593
4.22689e-21 -0.000114339 0.0210011 0.0208867
4.23118e-21 -0.000114374 0.0210172 0.0209028
4.23546e-21 -0.000114338 0.0209979 0.0208836
4.23974e-21 -0.00011419 0.0209233 0.0208091
4.24402e-21 -0.000113911 0.0207844 0.0206705
4.24831e-21 -0.000113528 0.0205954 0.0204819
4.25259e-21 -0.000113124 0.020397 0.0202838
4.25687e-21 -0.000112809 0.0202414 0.0201286
4.26115e-21 -0.000112656 0.0201648 0.0200521
4.26544e-21 -0.000112661 0.0201645 0.0200518
4.26972e-21 -0.000112745 0.020203 0.0200902
4.274e-21 -0.000112811 0.0202347 0.0201219
4.27828e-21 -0.000112812 0.0202359 0.0201231
4.28257e-21 -0.000112767 0.0202157 0.020103
4.28685e-21 -0.00011274 0.0202044 0.0200916
4.29113e-21 -0.00011279 0.0202299 0.0201172
4.29542e-21 -0.000112938 0.0203038 0.0201909
4.2997e-21 -0.000113172 0.0204201 0.0203069
4.30398e-21 -0.000113459 0.0205625 0.020449
4.30826e-21 -0.000113757 0.0207101 0.0205963
4.31255e-21 -0.000114021 0.020841 0.020727
4.31683e-21 -0.000114213 0.0209361 0.0208219
4.32111e-21 -0.000114307 0.0209833 0.020869
4.32539e-21 -0.0001143 0.0209802 0.0208659
4.32968e-21 -0.00011421 0.0209364 0.0208222
4.33396e-21 -0.00011408 0.0208732 0.0207591
4.33824e-21 -0.000113968 0.0208191 0.0207052
4.34252e-21 -0.000113925 0.0207979 0.0206839
4.34681e-21 -0.000113961 0.0208143 0.0207004
4.35109e-21 -0.000114041 0.0208526 0.0207385
4.35537e-21 -0.000114114 0.0208876 0.0207735
4.35965e-21 -0.000114137 0.0208986 0.0207845
4.36394e-21 -0.000114092 0.0208763 0.0207622
4.36822e-21 -0.000113987 0.0208245 0.0207105
4.3725e-21 -0.000113848 0.0207557 0.0206419
4.37678e-21 -0.000113705 0.0206849 0.0205712
4.38107e-21 -0.000113582 0.0206239 0.0205103
4.38535e-21 -0.000113497 0.0205822 0.0204687
4.38963e-21 -0.000113469 0.0205685 0.020455
4.39391e-21 -0.000113508 0.0205886 0.0204751
4.3982e-21 -0.000113617 0.0206428 0.0205291
4.40248e-21 -0.000113779 0.0207232 0.0206095
4.40676e-21 -0.000113965 0.0208153 0.0207013
4.41104e-21 -0.000114136 0.0208995 0.0207853
4.41533e-21 -0.00011425 0.0209557 0.0208415
4.41961e-21 -0.000114274 0.0209669 0.0208526
4.42389e-21 -0.000114184 0.0209217 0.0208076
4.42817e-21 -0.000113975 0.0208181 0.0207042
4.43246e-21 -0.000113668 0.0206661 0.0205524
4.43674e-21 -0.000113308 0.0204878 0.0203745
4.44102e-21 -0.000112954 0.0203125 0.0201995
4.44531e-21 -0.000112659 0.0201659 0.0200532
4.44959e-21 -0.000112453 0.0200624 0.0199499
4.45387e-21 -0.000112337 0.0200039 0.0198916
4.45815e-21 -0.000112303 0.0199866 0.0198743
4.46244e-21 -0.000112347 0.0200088 0.0198964
4.46672e-21 -0.000112478 0.0200753 0.0199628
4.471e-21 -0.000112716 0.0201948 0.0200821
4.47528e-21 -0.000113072 0.0203725 0.0202595
4.47957e-21 -0.000113533 0.0206016 0.0204881
4.48385e-21 -0.000114056 0.0208617 0.0207477
4.48813e-21 -0.000114583 0.0211233 0.0210087
4.49241e-21 -0.00011505 0.0213557 0.0212406
4.4967e-21 -0.000115407 0.0215336 0.0214182
4.50098e-21 -0.000115622 0.0216408 0.0215252
4.50526e-21 -0.00011568 0.0216701 0.0215545
4.50954e-21 -0.000115584 0.0216225 0.0215069
4.51383e-21 -0.000115351 0.0215069 0.0213916
4.51811e-21 -0.000115014 0.0213396 0.0212246
4.52239e-21 -0.000114616 0.0211416 0.0210269
4.52667e-21 -0.0001142 0.0209346 0.0208204
4.53096e-21 -0.000113808 0.0207393 0.0206255
4.53524e-21 -0.000113479 0.0205757 0.0204622
4.53952e-21 -0.000113252 0.0204631 0.0203499
4.5438e-21 -0.000113157 0.0204152 0.020302
4.54809e-21 -0.000113193 0.0204327 0.0203195
4.55237e-21 -0.000113342 0.0205063 0.020393
4.55665e-21 -0.00011358 0.0206247 0.0205112
4.56093e-21 -0.000113888 0.0207783 0.0206644
4.56522e-21 -0.000114243 0.0209554 0.0208412
4.5695e-21 -0.000114616 0.0211409 0.0210263
4.57378e-21 -0.00011497 0.021317 0.021202
4.57806e-21 -0.000115267 0.0214646 0.0213493
4.58235e-21 -0.000115471 0.0215661 0.0214506
4.58663e-21 -0.000115557 0.0216085 0.0214929
4.59091e-21 -0.00011551 0.0215852 0.0214697
4.59519e-21 -0.000115328 0.021494 0.0213787
4.59948e-21 -0.000115015 0.0213378 0.0212228
4.60376e-21 -0.000114596 0.0211303 0.0210157
4.60804e-21 -0.000114136 0.020903 0.0207889
4.61233e-21 -0.000113725 0.0206999 0.0205862
4.61661e-21 -0.00011344 0.0205582 0.0204447
4.62089e-21 -0.000113307 0.0204902 0.0203769
4.62517e-21 -0.000113295 0.0204822 0.0203689
4.62946e-21 -0.000113345 0.0205058 0.0203925
4.63374e-21 -0.000113405 0.0205347 0.0204213
4.63802e-21 -0.000113448 0.0205568 0.0204433
4.6423e-21 -0.000113485 0.0205761 0.0204626
4.64659e-21 -0.000113536 0.0206015 0.020488
4.65087e-21 -0.000113598 0.0206309 0.0205173
4.65515e-21 -0.000113638 0.0206506 0.0205369
4.65943e-21 -0.000113654 0.0206607 0.020547
4.66372e-21 -0.000113721 0.0206982 0.0205845
4.668e-21 -0.00011394 0.0208071 0.0206931
4.67228e-21 -0.000114293 0.0209801 0.0208658
4.67656e-21 -0.000114672 0.0211675 0.0210528
4.68085e-21 -0.000114993 0.0213277 0.0212127
4.68513e-21 -0.000115222 0.0214417 0.0213265
4.68941e-21 -0.000115338 0.0214996 0.0213842
4.69369e-21 -0.000115322 0.0214906 0.0213752
4.69798e-21 -0.000115149 0.0214035 0.0212884
4.70226e-21 -0.000114807 0.0212326 0.0211178
4.70654e-21 -0.000114308 0.0209844 0.0208701
4.71082e-21 -0.000113698 0.020682 0.0205683
4.71511e-21 -0.000113058 0.0203646 0.0202515
4.71939e-21 -0.000112487 0.0200821 0.0199696
4.72367e-21 -0.000112083 0.019882 0.01977
4.72795e-21 -0.000111908 0.0197948 0.0196829
4.73224e-21 -0.000111972 0.019825 0.019713
4.73652e-21 -0.000112234 0.019954 0.0198418
4.7408e-21 -0.00011263 0.0201502 0.0200376
4.74508e-21 -0.000113093 0.0203802 0.0202671
4.74937e-21 -0.000113566 0.0206153 0.0205017
4.75365e-21 -0.000113999 0.0208304 0.0207164
4.75793e-21 -0.000114344 0.0210017 0.0208873
4.76222e-21 -0.000114558 0.021108 0.0209934
4.7665e-21 -0.000114616 0.0211368 0.0210222
4.77078e-21 -0.000114519 0.0210893 0.0209747
4.77506e-21 -0.0001143 0.0209812 0.0208669
4.77935e-21 -0.000114014 0.0208405 0.0207265
4.78363e-21 -0.00011373 0.0207001 0.0205864
4.78791e-21 -0.000113505 0.0205885 0.020475
4.79219e-21 -0.000113374 0.020523 0.0204097
4.79648e-21 -0.000113351 0.0205115 0.0203982
4.80076e-21 -0.000113437 0.0205541 0.0204407
4.80504e-21 -0.000113612 0.02064 0.0205264
4.80932e-21 -0.000113826 0.0207452 0.0206313
4.81361e-21 -0.000114016 0.0208384 0.0207244
4.81789e-21 -0.000114126 0.0208921 0.020778
4.82217e-21 -0.000114124 0.0208915 0.0207774
4.82645e-21 -0.000114018 0.0208401 0.0207261
4.83074e-21 -0.000113847 0.0207561 0.0206423
4.83502e-21 -0.000113657 0.0206628 0.0205491
4.8393e-21 -0.000113487 0.0205783 0.0204649
4.84358e-21 -0.000113357 0.0205138 0.0204004
4.84787e-21 -0.00011328 0.0204758 0.0203626
4.85215e-21 -0.000113267 0.0204691 0.0203558
4.85643e-21 -0.000113314 0.0204922 0.0203788
4.86071e-21 -0.000113401 0.0205345 0.0204211
4.865e-21 -0.000113492 0.020579 0.0204655
4.86928e-21 -0.000113553 0.020609 0.0204955
4.87356e-21 -0.000113565 0.020615 0.0205014
4.87784e-21 -0.000113527 0.0205962 0.0204827
4.88213e-21 -0.000113452 0.0205592 0.0204457
4.88641e-21 -0.00011336 0.0205136 0.0204003
4.89069e-21 -0.000113267 0.0204676 0.0203543
4.89497e-21 -0.000113183 0.0204254 0.0203122
4.89926e-21 -0.000113113 0.020391 0.0202779
4.90354e-21 -0.000113074 0.0203725 0.0202595
4.90782e-21 -0.000113089 0.0203808 0.0202677
4.9121e-21 -0.000113175 0.0204239 0.0203108
4.91639e-21 -0.000113333 0.0205021 0.0203888
4.92067e-21 -0.000113543 0.0206061 0.0204926
4.92495e-21 -0.000113772 0.0207198 0.020606
4.92924e-21 -0.000113983 0.0208245 0.0207105
4.93352e-21 -0.000114143 0.0209035 0.0207894
4.9378e-21 -0.000114227 0.0209452 0.020831
4.94208e-21 -0.000114226 0.0209452 0.0208309
4.94637e-21 -0.000114148 0.0209069 0.0207928
4.95065e-21 -0.000114017 0.0208422 0.0207282
4.95493e-21 -0.000113869 0.0207694 0.0206555
4.95921e-21 -0.000113747 0.0207098 0.0205961
4.9635e-21 -0.00011369 0.0206814 0.0205677
4.96778e-21 -0.000113712 0.0206919 0.0205782
4.97206e-21 -0.000113803 0.0207366 0.0206228
4.97634e-21 -0.000113933 0.0208001 0.0206861
4.98063e-21 -0.000114062 0.0208632 0.0207491
4.98491e-21 -0.000114157 0.0209103 0.0207961
4.98919e-21 -0.000114208 0.0209362 0.020822
4.99347e-21 -0.000114229 0.0209471 0.0208329
4.99776e-21 -0.000114238 0.0209514 0.0208371
5.00204e-21 -0.000114232 0.0209476 0.0208333
5.00632e-21 -0.000114187 0.0209241 0.0208099
5.0106e-21 -0.000114077 0.0208689 0.0207549
5.01489e-21 -0.000113894 0.0207781 0.0206642
5.01917e-21 -0.000113653 0.0206585 0.0205449
5.02345e-21 -0.000113388 0.0205274 0.020414
5.02773e-21 -0.000113146 0.0204081 0.0202949
5.03202e-21 -0.000112974 0.0203234 0.0202104
5.0363e-21 -0.000112903 0.0202877 0.0201748
5.04058e-21 -0.000112931 0.0203009 0.020188
5.04486e-21 -0.000113031 0.0203494 0.0202364
5.04915e-21 -0.00011316 0.0204125 0.0202994
5.05343e-21 -0.000113278 0.0204711 0.0203578
5.05771e-21 -0.000113363 0.0205131 0.0203998
5.06199e-21 -0.000113403 0.0205328 0.0204194
5.06628e-21 -0.00011339 0.020526 0.0204126
5.07056e-21 -0.000113319 0.0204906 0.0203773
5.07484e-21 -0.000113199 0.0204316 0.0203184
5.07913e-21 -0.000113063 0.0203649 0.0202518
5.08341e-21 -0.000112953 0.0203106 0.0201977
5.08769e-21 -0.000112893 0.0202807 0.0201678
5.09197e-21 -0.000112875 0.0202701 0.0201573
5.09626e-21 -0.000112859 0.020261 0.0201481
5.10054e-21 -0.000112808 0.0202349 0.0201221
5.10482e-21 -0.000112708 0.0201852 0.0200725
5.1091e-21 -0.000112571 0.020118 0.0200054
5.11339e-21 -0.000112423 0.0200447 0.0199322
5.11767e-21 -0.000112282 0.0199745 0.0198622
5.12195e-21 -0.000112159 0.019913 0.0198009
5.12623e-21 -0.000112058 0.0198623 0.0197502
5.13052e-21 -0.000111978 0.0198223 0.0197103
5.1348e-21 -0.000111919 0.0197928 0.0196809
5.13908e-21 -0.000111883 0.019775 0.0196632
5.14336e-21 -0.000111879 0.0197737 0.0196618
5.14765e-21 -0.000111922 0.0197955 0.0196836
5.15193e-21 -0.000112022 0.0198461 0.0197341
5.15621e-21 -0.000112183 0.0199262 0.0198141
5.16049e-21 -0.000112393 0.0200307 0.0199183
5.16478e-21 -0.000112629 0.0201481 0.0200354
5.16906e-21 -0.000112859 0.0202623 0.0201494
5.17334e-21 -0.000113053 0.0203589 0.0202458
5.17762e-21 -0.000113196 0.0204304 0.0203172
5.18191e-21 -0.000113287 0.0204759 0.0203626
5.18619e-21 -0.000113323 0.0204935 0.0203802
5.19047e-21 -0.000113291 0.0204764 0.0203632
5.19475e-21 -0.000113172 0.0204169 0.0203037
5.19904e-21 -0.00011297 0.0203167 0.0202037
5.20332e-21 -0.000112723 0.0201952 0.0200825
5.2076e-21 -0.000112501 0.0200865 0.019974
5.21188e-21 -0.000112377 0.0200252 0.0199128
5.21617e-21 -0.000112382 0.0200267 0.0199144
5.22045e-21 -0.00011249 0.0200782 0.0199657
5.22473e-21 -0.000112629 0.0201453 0.0200326
5.22901e-21 -0.000112728 0.0201939 0.0200812
5.2333e-21 -0.00011276 0.0202113 0.0200985
5.23758e-21 -0.000112754 0.0202104 0.0200977
5.24186e-21 -0.000112768 0.0202192 0.0201065
5.24615e-21 -0.000112855 0.0202636 0.0201508
5.25043e-21 -0.000113041 0.0203566 0.0202435
5.25471e-21 -0.000113322 0.0204963 0.020383
5.25899e-21 -0.000113672 0.0206701 0.0205564
5.26328e-21 -0.000114053 0.0208595 0.0207454
5.26756e-21 -0.00011443 0.0210471 0.0209327
5.27184e-21 -0.000114779 0.0212216 0.0211068
5.27612e-21 -0.000115092 0.0213779 0.0212628
5.28041e-21 -0.000115357 0.0215097 0.0213944
5.28469e-21 -0.000115548 0.0216039 0.0214883
5.28897e-21 -0.000115628 0.021643 0.0215274
5.29325e-21 -0.000115573 0.0216157 0.0215001
5.29754e-21 -0.00011539 0.021525 0.0214096
5.30182e-21 -0.000115115 0.0213894 0.0212743
5.3061e-21 -0.000114804 0.021235 0.0211202
5.31038e-21 -0.000114505 0.021087 0.0209725
5.31467e-21 -0.000114259 0.0209648 0.0208505
5.31895e-21 -0.000114087 0.0208783 0.0207642
5.32323e-21 -0.000113979 0.0208234 0.0207094
5.32751e-21 -0.000113904 0.0207847 0.0206708
5.3318e-21 -0.000113826 0.0207451 0.0206313
5.33608e-21 -0.000113726 0.0206948 0.0205811
5.34036e-21 -0.000113601 0.020633 0.0205194
5.34464e-21 -0.000113466 0.0205663 0.0204529
5.34893e-21 -0.000113347 0.020508 0.0203947
5.35321e-21 -0.000113281 0.0204762 0.0203629
5.35749e-21 -0.000113303 0.0204877 0.0203744
5.36177e-21 -0.000113426 0.0205483 0.0204349
5.36606e-21 -0.000113627 0.0206474 0.0205338
5.37034e-21 -0.00011386 0.0207625 0.0206487
5.37462e-21 -0.000114074 0.020868 0.0207539
5.3789e-21 -0.000114224 0.0209426 0.0208283
5.38319e-21 -0.000114288 0.0209745 0.0208602
5.38747e-21 -0.000114266 0.0209645 0.0208502
5.39175e-21 -0.000114186 0.0209258 0.0208116
5.39604e-21 -0.000114093 0.0208808 0.0207667
5.40032e-21 -0.000114034 0.0208517 0.0207377
5.4046e-21 -0.000114028 0.0208485 0.0207345
5.40888e-21 -0.000114068 0.0208683 0.0207542
5.41317e-21 -0.000114147 0.0209079 0.0207938
5.41745e-21 -0.000114271 0.0209707 0.0208564
5.42173e-21 -0.00011445 0.0210603 0.0209458
5.42601e-21 -0.000114675 0.0211716 0.021057
5.4303e-21 -0.000114906 0.0212848 0.0211699
5.43458e-21 -0.000115077 0.0213682 0.0212531
5.43886e-21 -0.000115125 0.0213913 0.0212762
5.44314e-21 -0.000115019 0.0213386 0.0212235
5.44743e-21 -0.000114771 0.0212157 0.0211009
5.45171e-21 -0.000114423 0.0210425 0.0209281
5.45599e-21 -0.000114009 0.0208358 0.0207218
5.46027e-21 -0.000113539 0.0206004 0.0204868
5.46456e-21 -0.000113014 0.020338 0.020225
5.46884e-21 -0.000112453 0.0200586 0.0199461
5.47312e-21 -0.000111895 0.019781 0.0196691
5.4774e-21 -0.000111395 0.0195329 0.0194215
5.48169e-21 -0.00011103 0.0193531 0.019242
5.48597e-21 -0.000110883 0.019281 0.0191701
5.49025e-21 -0.000110991 0.019334 0.019223
5.49453e-21 -0.000111323 0.0194984 0.0193871
5.49882e-21 -0.000111813 0.019741 0.0196292
5.5031e-21 -0.000112376 0.0200202 0.0199078
5.50738e-21 -0.000112925 0.0202927 0.0201798
5.51166e-21 -0.000113388 0.0205228 0.0204094
5.51595e-21 -0.000113725 0.0206919 0.0205782
5.52023e-21 -0.000113943 0.0208023 0.0206884
5.52451e-21 -0.000114079 0.020872 0.0207579
5.52879e-21 -0.000114182 0.0209251 0.0208109
5.53308e-21 -0.000114296 0.0209829 0.0208686
5.53736e-21 -0.000114446 0.021058 0.0209436
5.54164e-21 -0.000114636 0.0211526 0.021038
5.54592e-21 -0.000114855 0.0212616 0.0211468
5.55021e-21 -0.000115082 0.0213743 0.0212592
5.55449e-21 -0.000115284 0.0214734 0.0213581
5.55877e-21 -0.000115412 0.0215361 0.0214207
5.56306e-21 -0.000115425 0.0215419 0.0214265
5.56734e-21 -0.000115307 0.0214836 0.0213683
5.57162e-21 -0.000115084 0.0213737 0.0212586
5.5759e-21 -0.000114813 0.0212403 0.0211255
5.58019e-21 -0.000114553 0.0211102 0.0209956
5.58447e-21 -0.000114319 0.0209924 0.0208781
5.58875e-21 -0.000114093 0.0208786 0.0207645
5.59303e-21 -0.000113855 0.0207598 0.0206459
5.59732e-21 -0.000113615 0.0206415 0.0205279
5.6016e-21 -0.000113416 0.0205431 0.0204297
5.60588e-21 -0.000113296 0.0204837 0.0203704
5.61016e-21 -0.000113267 0.0204684 0.0203552
5.61445e-21 -0.000113304 0.0204857 0.0203724
5.61873e-21 -0.000113361 0.0205123 0.020399
5.62301e-21 -0.000113386 0.0205238 0.0204104
5.62729e-21 -0.000113344 0.0205029 0.0203895
5.63158e-21 -0.000113224 0.0204429 0.0203297
5.63586e-21 -0.000113031 0.020347 0.020234
5.64014e-21 -0.000112787 0.0202264 0.0201136
5.64442e-21 -0.00011253 0.020099 0.0199864
5.64871e-21 -0.000112298 0.0199837 0.0198714
5.65299e-21 -0.000112118 0.0198939 0.0197817
5.65727e-21 -0.000111997 0.0198329 0.0197209
5.66155e-21 -0.000111931 0.0198001 0.0196882
5.66584e-21 -0.000111928 0.0197994 0.0196875
5.67012e-21 -0.000112011 0.019842 0.01973
5.6744e-21 -0.000112203 0.0199378 0.0198256
5.67868e-21 -0.000112498 0.0200843 0.0199718
5.68297e-21 -0.000112861 0.0202643 0.0201514
5.68725e-21 -0.000113241 0.0204532 0.02034
5.69153e-21 -0.000113594 0.020629 0.0205154
5.69581e-21 -0.000113891 0.0207768 0.0206629
5.7001e-21 -0.000114116 0.0208894 0.0207753
5.70438e-21 -0.000114267 0.0209654 0.0208512
5.70866e-21 -0.000114352 0.0210077 0.0208934
5.71295e-21 -0.000114375 0.0210192 0.0209048
5.71723e-21 -0.000114336 0.0209993 0.020885
5.72151e-21 -0.000114229 0.0209453 0.0208311
5.72579e-21 -0.000114054 0.0208586 0.0207446
5.73008e-21 -0.000113836 0.0207508 0.020637
5.73436e-21 -0.000113618 0.0206435 0.0205299
5.73864e-21 -0.000113448 0.0205589 0.0204454
5.74292e-21 -0.000113344 0.0205062 0.0203929
5.74721e-21 -0.000113289 0.0204774 0.0203641
5.75149e-21 -0.000113246 0.0204553 0.0203421
5.75577e-21 -0.000113191 0.0204275 0.0203143
5.76005e-21 -0.00011312 0.0203929 0.0202797
5.76434e-21 -0.000113053 0.0203607 0.0202476
5.76862e-21 -0.000113018 0.0203441 0.0202311
5.7729e-21 -0.00011303 0.0203496 0.0202366
5.77718e-21 -0.000113074 0.0203706 0.0202576
5.78147e-21 -0.000113118 0.0203917 0.0202786
5.78575e-21 -0.000113132 0.0203984 0.0202852
5.79003e-21 -0.0001131 0.0203822 0.0202691
5.79431e-21 -0.000113018 0.0203409 0.0202278
5.7986e-21 -0.000112886 0.0202748 0.0201619
5.80288e-21 -0.000112703 0.0201828 0.0200701
5.80716e-21 -0.000112462 0.020062 0.0199496
5.81144e-21 -0.000112163 0.0199136 0.0198014
5.81573e-21 -0.000111834 0.0197507 0.0196388
5.82001e-21 -0.000111526 0.0195983 0.0194868
5.82429e-21 -0.000111295 0.0194837 0.0193724
5.82857e-21 -0.000111178 0.0194259 0.0193147
5.83286e-21 -0.00011119 0.0194313 0.0193201
5.83714e-21 -0.000111321 0.0194961 0.0193848
5.84142e-21 -0.000111547 0.0196079 0.0194963
5.8457e-21 -0.000111825 0.019745 0.0196331
5.84999e-21 -0.000112094 0.0198776 0.0197655
5.85427e-21 -0.000112295 0.0199777 0.0198654
5.85855e-21 -0.000112403 0.0200327 0.0199203
5.86283e-21 -0.000112436 0.0200504 0.019938
5.86712e-21 -0.000112433 0.0200502 0.0199378
5.8714e-21 -0.000112431 0.0200499 0.0199375
5.87568e-21 -0.000112448 0.0200579 0.0199455
5.87997e-21 -0.000112481 0.0200744 0.0199619
5.88425e-21 -0.000112526 0.0200962 0.0199837
5.88853e-21 -0.000112579 0.0201228 0.0200102
5.89281e-21 -0.000112648 0.020158 0.0200454
5.8971e-21 -0.000112749 0.0202084 0.0200957
5.90138e-21 -0.00011289 0.0202786 0.0201657
5.90566e-21 -0.000113069 0.0203677 0.0202546
5.90994e-21 -0.000113274 0.0204698 0.0203565
5.91423e-21 -0.000113487 0.0205759 0.0204625
5.91851e-21 -0.000113687 0.020675 0.0205613
5.92279e-21 -0.000113844 0.0207526 0.0206387
5.92707e-21 -0.000113927 0.0207937 0.0206798
5.93136e-21 -0.00011392 0.020791 0.0206771
5.93564e-21 -0.000113837 0.0207508 0.020637
5.93992e-21 -0.000113715 0.0206912 0.0205775
5.9442e-21 -0.000113601 0.0206358 0.0205222
5.94849e-21 -0.000113539 0.0206051 0.0204916
5.95277e-21 -0.000113541 0.0206048 0.0204913
5.95705e-21 -0.000113568 0.020616 0.0205025
5.96133e-21 -0.000113546 0.0206026 0.020489
5.96562e-21 -0.00011341 0.0205345 0.0204211
5.9699e-21 -0.000113153 0.0204074 0.0202943
5.97418e-21 -0.000112821 0.0202438 0.020131
5.97846e-21 -0.000112493 0.0200824 0.0199699
5.98275e-21 -0.000112248 0.0199615 0.0198492
5.98703e-21 -0.000112134 0.0199043 0.0197921
5.99131e-21 -0.000112151 0.0199113 0.0197991
5.99559e-21 -0.000112263 0.0199657 0.0198535
5.99988e-21 -0.000112426 0.0200462 0.0199338
6.00416e-21 -0.000112608 0.0201368 0.0200242
6.00844e-21 -0.000112796 0.020231 0.0201182
6.01272e-21 -0.000112992 0.0203288 0.0202158
6.01701e-21 -0.000113195 0.0204306 0.0203174
6.02129e-21 -0.000113399 0.0205318 0.0204184
6.02557e-21 -0.000113586 0.0206252 0.0205116
6.02986e-21 -0.000113749 0.0207072 0.0205934
6.03414e-21 -0.000113895 0.0207809 0.020667
6.03842e-21 -0.000114035 0.020851 0.020737
6.0427e-21 -0.000114164 0.0209143 0.0208001
6.04699e-21 -0.000114251 0.0209566 0.0208424
6.05127e-21 -0.000114263 0.0209623 0.0208481
6.05555e-21 -0.000114191 0.0209276 0.0208134
6.05983e-21 -0.000114064 0.0208652 0.0207512
6.06412e-21 -0.000113923 0.0207962 0.0206823
6.0684e-21 -0.000113801 0.0207355 0.0206217
6.07268e-21 -0.000113703 0.0206859 0.0205722
6.07696e-21 -0.000113618 0.020643 0.0205294
6.08125e-21 -0.000113534 0.0206008 0.0204872
6.08553e-21 -0.000113441 0.0205539 0.0204405
6.08981e-21 -0.000113331 0.0204986 0.0203853
6.09409e-21 -0.000113201 0.0204338 0.0203206
6.09838e-21 -0.000113058 0.020363 0.02025
6.10266e-21 -0.000112923 0.0202961 0.0201832
6.10694e-21 -0.000112826 0.020249 0.0201361
6.11122e-21 -0.000112806 0.0202394 0.0201266
6.11551e-21 -0.000112881 0.0202764 0.0201635
6.11979e-21 -0.000113032 0.0203498 0.0202367
6.12407e-21 -0.000113202 0.0204328 0.0203196
6.12835e-21 -0.000113333 0.0204974 0.0203841
6.13264e-21 -0.000113395 0.0205287 0.0204153
6.13692e-21 -0.000113394 0.0205291 0.0204157
6.1412e-21 -0.000113362 0.0205146 0.0204013
6.14548e-21 -0.000113345 0.0205069 0.0203936
6.14977e-21 -0.000113379 0.0205246 0.0204112
6.15405e-21 -0.000113484 0.0205769 0.0204634
6.15833e-21 -0.000113657 0.0206627 0.020549
6.16261e-21 -0.00011388 0.0207735 0.0206596
6.1669e-21 -0.000114129 0.0208966 0.0207825
6.17118e-21 -0.000114369 0.0210156 0.0209012
6.17546e-21 -0.000114563 0.0211113 0.0209968
6.17974e-21 -0.000114675 0.0211669 0.0210523
6.18403e-21 -0.000114684 0.0211708 0.0210562
6.18831e-21 -0.000114577 0.0211169 0.0210023
6.19259e-21 -0.000114353 0.0210054 0.0208911
6.19688e-21 -0.000114037 0.0208493 0.0207352
6.20116e-21 -0.000113692 0.0206796 0.0205659
6.20544e-21 -0.000113409 0.0205402 0.0204268
6.20972e-21 -0.000113261 0.0204668 0.0203535
6.21401e-21 -0.000113268 0.0204691 0.0203558
6.21829e-21 -0.000113394 0.0205305 0.0204171
6.22257e-21 -0.000113579 0.0206212 0.0205077
6.22685e-21 -0.00011376 0.02071 0.0205962
6.23114e-21 -0.000113883 0.0207708 0.0206569
6.23542e-21 -0.000113918 0.0207884 0.0206745
6.2397e-21 -0.000113861 0.0207608 0.020647
6.24398e-21 -0.000113732 0.0206974 0.0205837
6.24827e-21 -0.000113562 0.0206133 0.0204998
6.25255e-21 -0.000113383 0.0205248 0.0204115
6.25683e-21 -0.000113226 0.0204468 0.0203336
6.26111e-21 -0.000113113 0.0203907 0.0202776
6.2654e-21 -0.000113057 0.0203632 0.0202502
6.26968e-21 -0.000113066 0.0203678 0.0202547
6.27396e-21 -0.000113143 0.0204064 0.0202933
6.27824e-21 -0.000113292 0.0204807 0.0203674
6.28253e-21 -0.000113513 0.0205915 0.020478
6.28681e-21 -0.000113804 0.0207366 0.0206228
6.29109e-21 -0.000114149 0.0209079 0.0207938
6.29537e-21 -0.000114512 0.0210882 0.0209736
6.29966e-21 -0.000114846 0.0212541 0.0211392
6.30394e-21 -0.000115113 0.0213871 0.021272
6.30822e-21 -0.000115301 0.0214818 0.0213665
6.3125e-21 -0.000115422 0.0215431 0.0214277
6.31679e-21 -0.000115491 0.0215781 0.0214626
6.32107e-21 -0.000115518 0.0215918 0.0214763
6.32535e-21 -0.000115507 0.0215861 0.0214706
6.32963e-21 -0.000115451 0.0215571 0.0214417
6.33392e-21 -0.00011533 0.0214963 0.021381
6.3382e-21 -0.000115136 0.0213999 0.0212847
6.34248e-21 -0.000114888 0.021277 0.0211621
6.34677e-21 -0.000114622 0.0211452 0.0210306
6.35105e-21 -0.00011437 0.0210193 0.020905
6.35533e-21 -0.000114147 0.0209085 0.0207944
6.35961e-21 -0.000113968 0.0208194 0.0207054
6.3639e-21 -0.000113844 0.0207576 0.0206438
6.36818e-21 -0.000113784 0.0207276 0.0206139
6.37246e-21 -0.000113787 0.0207287 0.0206149
6.37674e-21 -0.000113834 0.0207509 0.0206371
6.38103e-21 -0.000113887 0.020776 0.0206622
6.38531e-21 -0.000113906 0.0207841 0.0206702
6.38959e-21 -0.000113862 0.0207618 0.020648
6.39387e-21 -0.000113749 0.0207057 0.020592
6.39816e-21 -0.000113578 0.020621 0.0205074
6.40244e-21 -0.000113368 0.0205161 0.0204027
6.40672e-21 -0.000113128 0.0203958 0.0202827
6.411e-21 -0.000112857 0.0202605 0.0201476
6.41529e-21 -0.00011256 0.0201123 0.0199998
6.41957e-21 -0.000112258 0.0199626 0.0198503
6.42385e-21 -0.000111992 0.019831 0.019719
6.42813e-21 -0.000111809 0.0197404 0.0196286
6.43242e-21 -0.000111743 0.0197077 0.0195959
6.4367e-21 -0.000111804 0.0197375 0.0196257
6.44098e-21 -0.000111975 0.0198219 0.0197099
6.44526e-21 -0.000112223 0.0199445 0.0198323
6.44955e-21 -0.000112505 0.0200845 0.019972
6.45383e-21 -0.000112777 0.0202191 0.0201063
6.45811e-21 -0.000112991 0.0203246 0.0202116
6.46239e-21 -0.000113104 0.0203805 0.0202674
6.46668e-21 -0.000113094 0.0203763 0.0202632
6.47096e-21 -0.00011297 0.0203153 0.0202023
6.47524e-21 -0.000112765 0.0202147 0.020102
6.47952e-21 -0.000112535 0.0201015 0.019989
6.48381e-21 -0.000112339 0.0200052 0.0198928
6.48809e-21 -0.000112227 0.01995 0.0198378
6.49237e-21 -0.000112223 0.0199476 0.0198353
6.49665e-21 -0.000112316 0.0199933 0.019881
6.50094e-21 -0.000112472 0.02007 0.0199576
6.50522e-21 -0.000112648 0.0201571 0.0200445
6.5095e-21 -0.000112811 0.0202381 0.0201253
6.51379e-21 -0.000112937 0.0203004 0.0201875
6.51807e-21 -0.000113002 0.0203323 0.0202193
6.52235e-21 -0.000112987 0.0203244 0.0202114
6.52663e-21 -0.000112888 0.0202755 0.0201626
6.53092e-21 -0.000112727 0.0201965 0.0200838
6.5352e-21 -0.000112552 0.0201106 0.019998
6.53948e-21 -0.000112422 0.0200471 0.0199347
6.54376e-21 -0.000112386 0.0200288 0.0199165
6.54805e-21 -0.000112449 0.0200588 0.0199464
6.55233e-21 -0.000112574 0.0201192 0.0200066
6.55661e-21 -0.000112705 0.020183 0.0200703
6.56089e-21 -0.000112795 0.0202271 0.0201143
6.56518e-21 -0.000112817 0.0202377 0.0201249
6.56946e-21 -0.000112765 0.0202126 0.0200998
6.57374e-21 -0.000112665 0.0201639 0.0200513
6.57802e-21 -0.000112569 0.0201183 0.0200057
6.58231e-21 -0.000112546 0.020109 0.0199964
6.58659e-21 -0.000112652 0.0201623 0.0200496
6.59087e-21 -0.0001129 0.0202855 0.0201726
6.59515e-21 -0.000113258 0.0204625 0.0203493
6.59944e-21 -0.000113656 0.0206588 0.0205451
6.60372e-21 -0.000114008 0.0208324 0.0207184
6.608e-21 -0.00011424 0.0209479 0.0208337
6.61228e-21 -0.000114324 0.0209911 0.0208768
6.61657e-21 -0.000114285 0.0209738 0.0208595
6.62085e-21 -0.000114181 0.0209235 0.0208093
6.62513e-21 -0.000114066 0.020867 0.0207529
6.62941e-21 -0.000113971 0.0208198 0.0207059
6.6337e-21 -0.0001139 0.0207841 0.0206702
6.63798e-21 -0.000113835 0.0207508 0.020637
6.64226e-21 -0.000113748 0.0207066 0.0205929
6.64654e-21 -0.000113618 0.0206416 0.020528
6.65083e-21 -0.000113442 0.0205541 0.0204406
6.65511e-21 -0.000113235 0.0204512 0.020338
6.65939e-21 -0.000113022 0.0203457 0.0202327
6.66368e-21 -0.000112832 0.0202516 0.0201387
6.66796e-21 -0.00011269 0.0201807 0.020068
6.67224e-21 -0.000112612 0.0201418 0.0200292
6.67652e-21 -0.000112606 0.0201385 0.0200259
6.68081e-21 -0.00011266 0.020164 0.0200513
6.68509e-21 -0.000112733 0.0201986 0.0200859
6.68937e-21 -0.000112775 0.0202189 0.0201061
6.69365e-21 -0.00011276 0.0202119 0.0200991
6.69794e-21 -0.000112694 0.0201794 0.0200667
6.70222e-21 -0.000112595 0.0201305 0.020018
6.7065e-21 -0.000112482 0.0200747 0.0199622
6.71078e-21 -0.000112375 0.020022 0.0199096
6.71507e-21 -0.000112301 0.0199855 0.0198732
6.71935e-21 -0.000112287 0.0199789 0.0198666
6.72363e-21 -0.000112342 0.0200053 0.019893
6.72791e-21 -0.00011244 0.0200528 0.0199404
6.7322e-21 -0.000112543 0.0201035 0.0199909
6.73648e-21 -0.000112627 0.0201458 0.0200332
6.74076e-21 -0.000112694 0.0201797 0.020067
6.74504e-21 -0.000112756 0.0202106 0.0200978
6.74933e-21 -0.000112814 0.0202391 0.0201262
6.75361e-21 -0.00011285 0.0202561 0.0201432
6.75789e-21 -0.000112842 0.0202524 0.0201395
6.76217e-21 -0.000112801 0.0202336 0.0201208
6.76646e-21 -0.000112777 0.0202236 0.0201109
6.77074e-21 -0.000112832 0.0202526 0.0201398
6.77502e-21 -0.000113003 0.0203376 0.0202246
6.7793e-21 -0.000113268 0.0204679 0.0203546
6.78359e-21 -0.000113552 0.020607 0.0204934
6.78787e-21 -0.000113766 0.0207119 0.0205981
6.79215e-21 -0.00011385 0.0207541 0.0206403
6.79643e-21 -0.000113801 0.0207305 0.0206167
6.80072e-21 -0.000113653 0.0206582 0.0205446
6.805e-21 -0.00011346 0.0205629 0.0204495
6.80928e-21 -0.000113273 0.0204709 0.0203576
6.81356e-21 -0.000113141 0.0204064 0.0202932
6.81785e-21 -0.000113106 0.0203899 0.0202768
6.82213e-21 -0.000113194 0.0204343 0.0203211
6.82641e-21 -0.000113407 0.0205398 0.0204264
6.8307e-21 -0.000113717 0.0206933 0.0205796
6.83498e-21 -0.000114076 0.0208714 0.0207574
6.83926e-21 -0.000114428 0.0210459 0.0209315
6.84354e-21 -0.000114717 0.0211886 0.0210738
6.84783e-21 -0.000114894 0.0212766 0.0211617
6.85211e-21 -0.000114935 0.0212964 0.0211814
6.85639e-21 -0.000114831 0.0212449 0.0211301
6.86067e-21 -0.000114596 0.0211278 0.0210132
6.86496e-21 -0.000114249 0.0209547 0.0208404
6.86924e-21 -0.000113815 0.0207384 0.0206246
6.87352e-21 -0.000113336 0.0205011 0.0203878
6.8778e-21 -0.000112892 0.020283 0.0201701
6.88209e-21 -0.000112593 0.0201361 0.0200236
6.88637e-21 -0.000112521 0.0201005 0.0199879
6.89065e-21 -0.000112686 0.0201806 0.0200679
6.89493e-21 -0.000113018 0.0203435 0.0202305
6.89922e-21 -0.000113406 0.0205339 0.0204205
6.9035e-21 -0.000113733 0.0206945 0.0205808
6.90778e-21 -0.000113912 0.0207826 0.0206687
6.91206e-21 -0.000113901 0.0207772 0.0206633
6.91635e-21 -0.000113705 0.0206805 0.0205668
6.92063e-21 -0.000113371 0.0205162 0.0204028
6.92491e-21 -0.000112986 0.0203265 0.0202135
6.92919e-21 -0.00011265 0.0201607 0.020048
6.93348e-21 -0.000112434 0.0200526 0.0199402
6.93776e-21 -0.000112346 0.0200073 0.019895
6.94204e-21 -0.000112354 0.0200106 0.0198982
6.94632e-21 -0.00011243 0.0200485 0.019936
6.95061e-21 -0.000112564 0.0201158 0.0200032
6.95489e-21 -0.000112753 0.0202101 0.0200974
6.95917e-21 -0.000112983 0.0203242 0.0202112
6.96345e-21 -0.000113226 0.020445 0.0203318
6.96774e-21 -0.000113453 0.0205576 0.0204442
6.97202e-21 -0.000113632 0.0206463 0.0205327
6.9763e-21 -0.00011373 0.0206942 0.0205805
6.98059e-21 -0.000113715 0.0206865 0.0205727
6.98487e-21 -0.000113578 0.0206188 0.0205052
6.98915e-21 -0.000113348 0.0205061 0.0203927
6.99343e-21 -0.000113093 0.0203816 0.0202685
6.99772e-21 -0.000112901 0.020288 0.0201751
7.002e-21 -0.000112849 0.0202635 0.0201506
7.00628e-21 -0.000112978 0.0203281 0.0202152
7.01056e-21 -0.000113278 0.0204762 0.020363
7.01485e-21 -0.000113687 0.0206782 0.0205645
7.01913e-21 -0.000114121 0.0208926 0.0207784
7.02341e-21 -0.0001145 0.0210805 0.020966
7.02769e-21 -0.000114768 0.0212137 0.021099
7.03198e-21 -0.000114897 0.0212783 0.0211634
7.03626e-21 -0.000114887 0.0212742 0.0211593
7.04054e-21 -0.000114765 0.0212151 0.0211003
7.04482e-21 -0.000114578 0.0211226 0.021008
7.04911e-21 -0.000114367 0.0210178 0.0209034
7.05339e-21 -0.000114154 0.0209107 0.0207966
7.05767e-21 -0.000113929 0.0207972 0.0206832
7.06195e-21 -0.000113669 0.0206663 0.0205526
7.06624e-21 -0.000113362 0.0205133 0.0204
7.07052e-21 -0.000113028 0.020347 0.020234
7.0748e-21 -0.000112703 0.020186 0.0200733
7.07908e-21 -0.000112428 0.020049 0.0199366
7.08337e-21 -0.000112231 0.0199508 0.0198385
7.08765e-21 -0.000112134 0.0199032 0.0197911
7.09193e-21 -0.000112164 0.0199187 0.0198065
7.09621e-21 -0.000112341 0.0200077 0.0198954
7.1005e-21 -0.000112677 0.0201752 0.0200625
7.10478e-21 -0.000113155 0.0204128 0.0202997
7.10906e-21 -0.000113714 0.0206889 0.0205752
7.11334e-21 -0.000114244 0.0209507 0.0208364
7.11763e-21 -0.000114636 0.0211448 0.0210302
7.12191e-21 -0.000114821 0.0212367 0.0211219
7.12619e-21 -0.000114774 0.0212136 0.0210988
7.13047e-21 -0.000114508 0.0210815 0.020967
7.13476e-21 -0.000114071 0.0208658 0.0207517
7.13904e-21 -0.000113556 0.0206119 0.0204984
7.14332e-21 -0.000113087 0.0203812 0.0202681
7.14761e-21 -0.000112785 0.020232 0.0201192
7.15189e-21 -0.000112707 0.0201919 0.0200791
7.15617e-21 -0.000112815 0.0202427 0.0201299
7.16045e-21 -0.000113011 0.0203375 0.0202245
7.16474e-21 -0.000113196 0.0204285 0.0203153
7.16902e-21 -0.000113307 0.0204831 0.0203698
7.1733e-21 -0.000113315 0.0204877 0.0203743
7.17758e-21 -0.000113232 0.0204478 0.0203346
7.18187e-21 -0.000113103 0.0203855 0.0202724
7.18615e-21 -0.00011299 0.0203304 0.0202174
7.19043e-21 -0.000112943 0.0203076 0.0201947
7.19471e-21 -0.000112984 0.0203281 0.0202151
7.199e-21 -0.000113105 0.0203873 0.0202742
7.20328e-21 -0.000113272 0.0204695 0.0203563
7.20756e-21 -0.000113441 0.0205524 0.020439
7.21184e-21 -0.00011356 0.0206104 0.0204968
7.21613e-21 -0.000113581 0.0206199 0.0205063
7.22041e-21 -0.000113472 0.0205653 0.0204518
7.22469e-21 -0.000113228 0.0204441 0.0203308
7.22897e-21 -0.000112875 0.0202689 0.020156
7.23326e-21 -0.000112462 0.0200646 0.0199521
7.23754e-21 -0.000112053 0.019862 0.0197499
7.24182e-21 -0.000111707 0.01969 0.0195783
7.2461e-21 -0.000111465 0.0195694 0.0194579
7.25039e-21 -0.000111346 0.0195099 0.0193986
7.25467e-21 -0.000111351 0.019512 0.0194006
7.25895e-21 -0.000111466 0.0195688 0.0194573
7.26323e-21 -0.000111666 0.019668 0.0195564
7.26752e-21 -0.00011192 0.019794 0.0196821
7.2718e-21 -0.000112195 0.0199309 0.0198187
7.27608e-21 -0.000112464 0.0200644 0.019952
7.28036e-21 -0.0001127 0.0201824 0.0200697
7.28465e-21 -0.000112889 0.0202763 0.0201634
7.28893e-21 -0.000113021 0.0203429 0.0202299
7.29321e-21 -0.000113104 0.0203846 0.0202714
7.2975e-21 -0.000113146 0.0204058 0.0202926
7.30178e-21 -0.000113153 0.0204092 0.020296
7.30606e-21 -0.000113125 0.0203956 0.0202824
7.31034e-21 -0.000113072 0.0203698 0.0202567
7.31463e-21 -0.00011302 0.020345 0.020232
7.31891e-21 -0.000113006 0.0203386 0.0202256
7.32319e-21 -0.000113051 0.0203609 0.0202478
7.32747e-21 -0.000113147 0.0204079 0.0202948
7.33176e-21 -0.000113261 0.0204636 0.0203504
7.33604e-21 -0.000113354 0.0205091 0.0203958
7.34032e-21 -0.000113398 0.0205306 0.0204172
7.3446e-21 -0.000113382 0.0205229 0.0204095
7.34889e-21 -0.000113315 0.0204904 0.0203771
7.35317e-21 -0.000113228 0.0204482 0.020335
7.35745e-21 -0.000113167 0.0204194 0.0203062
7.36173e-21 -0.000113176 0.0204238 0.0203106
7.36602e-21 -0.000113256 0.0204624 0.0203491
7.3703e-21 -0.000113364 0.0205143 0.0204009
7.37458e-21 -0.000113441 0.0205519 0.0204385
7.37886e-21 -0.000113456 0.0205599 0.0204464
7.38315e-21 -0.000113416 0.0205403 0.0204269
7.38743e-21 -0.000113344 0.0205052 0.0203918
7.39171e-21 -0.000113264 0.0204651 0.0203518
7.39599e-21 -0.000113186 0.0204259 0.0203127
7.40028e-21 -0.000113113 0.0203888 0.0202756
7.40456e-21 -0.000113031 0.020346 0.020233
7.40884e-21 -0.000112897 0.0202773 0.0201644
7.41312e-21 -0.000112665 0.0201611 0.0200485
7.41741e-21 -0.000112327 0.019993 0.0198807
7.42169e-21 -0.000111922 0.0197931 0.0196812
7.42597e-21 -0.000111531 0.0196005 0.0194889
7.43025e-21 -0.000111246 0.0194602 0.019349
7.43454e-21 -0.00011114 0.0194079 0.0192968
7.43882e-21 -0.000111234 0.0194539 0.0193426
7.4431e-21 -0.000111493 0.019581 0.0194695
7.44738e-21 -0.000111853 0.0197598 0.019648
7.45167e-21 -0.000112266 0.0199659 0.0198536
7.45595e-21 -0.000112704 0.0201844 0.0200717
7.46023e-21 -0.000113142 0.0204026 0.0202894
7.46452e-21 -0.000113545 0.0206036 0.0204901
7.4688e-21 -0.000113881 0.0207713 0.0206574
7.47308e-21 -0.000114135 0.0208992 0.0207851
7.47736e-21 -0.000114323 0.0209946 0.0208803
7.48165e-21 -0.000114478 0.0210731 0.0209586
7.48593e-21 -0.000114627 0.0211476 0.021033
7.49021e-21 -0.000114775 0.0212214 0.0211066
7.49449e-21 -0.000114911 0.0212888 0.0211739
7.49878e-21 -0.000115017 0.0213412 0.0212262
7.50306e-21 -0.00011508 0.0213726 0.0212575
7.50734e-21 -0.000115097 0.0213811 0.021266
7.51162e-21 -0.000115069 0.0213671 0.021252
7.51591e-21 -0.000114997 0.021331 0.021216
7.52019e-21 -0.000114882 0.0212733 0.0211584
7.52447e-21 -0.000114724 0.0211938 0.0210791
7.52875e-21 -0.000114518 0.0210908 0.0209763
7.53304e-21 -0.000114268 0.0209663 0.020852
7.53732e-21 -0.000114 0.0208335 0.0207195
7.5416e-21 -0.000113761 0.0207153 0.0206015
7.54588e-21 -0.000113596 0.0206328 0.0205192
7.55017e-21 -0.000113523 0.0205965 0.020483
7.55445e-21 -0.000113547 0.0206082 0.0204946
7.55873e-21 -0.000113659 0.0206632 0.0205496
7.56301e-21 -0.00011383 0.020747 0.0206332
7.5673e-21 -0.000114008 0.0208346 0.0207206
7.57158e-21 -0.00011414 0.0208995 0.0207853
7.57586e-21 -0.00011419 0.0209243 0.0208101
7.58014e-21 -0.000114152 0.0209059 0.0207918
7.58443e-21 -0.000114045 0.0208531 0.0207391
7.58871e-21 -0.000113902 0.0207832 0.0206693
7.59299e-21 -0.000113774 0.0207208 0.020607
7.59727e-21 -0.000113716 0.0206935 0.0205798
7.60156e-21 -0.000113771 0.0207208 0.0206071
7.60584e-21 -0.000113932 0.0207995 0.0206856
7.61012e-21 -0.000114139 0.0209004 0.0207862
7.61441e-21 -0.000114305 0.0209807 0.0208664
7.61869e-21 -0.000114353 0.0210041 0.0208897
7.62297e-21 -0.000114255 0.0209558 0.0208416
7.62725e-21 -0.000114034 0.0208474 0.0207334
7.63154e-21 -0.000113756 0.0207111 0.0205974
7.63582e-21 -0.000113504 0.0205875 0.020474
7.6401e-21 -0.000113345 0.0205085 0.0203951
7.64438e-21 -0.000113301 0.0204857 0.0203724
7.64867e-21 -0.000113353 0.0205098 0.0203964
7.65295e-21 -0.00011345 0.0205568 0.0204433
7.65723e-21 -0.000113539 0.0206002 0.0204867
7.66151e-21 -0.000113585 0.020623 0.0205094
7.6658e-21 -0.000113585 0.0206242 0.0205106
7.67008e-21 -0.000113566 0.0206157 0.0205022
7.67436e-21 -0.000113558 0.0206129 0.0204993
7.67864e-21 -0.000113584 0.0206256 0.020512
7.68293e-21 -0.000113645 0.020656 0.0205424
7.68721e-21 -0.000113735 0.0207009 0.0205871
7.69149e-21 -0.000113844 0.0207551 0.0206413
7.69577e-21 -0.000113963 0.0208147 0.0207007
7.70006e-21 -0.000114087 0.0208764 0.0207623
7.70434e-21 -0.000114208 0.0209367 0.0208225
7.70862e-21 -0.000114316 0.0209906 0.0208763
7.7129e-21 -0.000114402 0.0210335 0.0209191
7.71719e-21 -0.000114462 0.0210638 0.0209494
7.72147e-21 -0.000114501 0.0210833 0.0209688
7.72575e-21 -0.000114518 0.0210914 0.0209769
7.73003e-21 -0.000114499 0.0210807 0.0209662
7.73432e-21 -0.000114415 0.0210377 0.0209233
7.7386e-21 -0.000114246 0.0209532 0.0208389
7.74288e-21 -0.000114 0.0208314 0.0207174
7.74716e-21 -0.000113718 0.0206919 0.0205782
7.75145e-21 -0.000113452 0.0205602 0.0204468
7.75573e-21 -0.000113242 0.0204552 0.020342
7.76001e-21 -0.000113098 0.0203825 0.0202694
7.76429e-21 -0.000113008 0.020337 0.020224
7.76858e-21 -0.000112957 0.0203112 0.0201982
7.77286e-21 -0.000112932 0.0202987 0.0201858
7.77714e-21 -0.000112924 0.020294 0.0201811
7.78143e-21 -0.000112918 0.020291 0.0201781
7.78571e-21 -0.000112909 0.0202868 0.0201739
7.78999e-21 -0.000112904 0.0202845 0.0201716
7.79427e-21 -0.000112916 0.0202913 0.0201784
7.79856e-21 -0.000112966 0.0203175 0.0202045
7.80284e-21 -0.000113081 0.0203755 0.0202624
7.80712e-21 -0.000113269 0.0204687 0.0203554
7.8114e-21 -0.000113498 0.0205817 0.0204682
7.81569e-21 -0.000113719 0.0206913 0.0205776
7.81997e-21 -0.000113903 0.0207838 0.0206699
7.82425e-21 -0.000114049 0.0208571 0.0207431
7.82853e-21 -0.000114162 0.0209137 0.0207995
7.83282e-21 -0.000114245 0.0209554 0.0208412
7.8371e-21 -0.000114306 0.0209863 0.020872
7.84138e-21 -0.00011436 0.0210142 0.0208998
7.84566e-21 -0.000114427 0.0210475 0.0209331
7.84995e-21 -0.00011451 0.021089 0.0209745
7.85423e-21 -0.000114601 0.0211336 0.021019
7.85851e-21 -0.000114676 0.0211705 0.0210558
7.86279e-21 -0.000114708 0.0211852 0.0210705
7.86708e-21 -0.000114664 0.0211628 0.0210481
7.87136e-21 -0.000114522 0.0210912 0.0209767
7.87564e-21 -0.000114272 0.0209664 0.0208522
7.87992e-21 -0.000113926 0.0207944 0.0206805
7.88421e-21 -0.000113516 0.0205905 0.020477
7.88849e-21 -0.000113088 0.0203784 0.0202653
7.89277e-21 -0.000112706 0.0201889 0.0200762
7.89705e-21 -0.000112429 0.0200511 0.0199386
7.90134e-21 -0.000112279 0.0199751 0.0198629
7.90562e-21 -0.000112231 0.0199501 0.0198379
7.9099e-21 -0.000112251 0.0199601 0.0198479
7.91418e-21 -0.000112331 0.0200009 0.0198886
7.91847e-21 -0.000112486 0.0200795 0.019967
7.92275e-21 -0.000112732 0.020203 0.0200903
7.92703e-21 -0.000113068 0.0203704 0.0202574
7.93132e-21 -0.000113472 0.0205714 0.0204579
7.9356e-21 -0.000113909 0.020789 0.0206751
7.93988e-21 -0.000114338 0.021002 0.0208876
7.94416e-21 -0.000114711 0.0211873 0.0210726
7.94845e-21 -0.000114989 0.0213255 0.0212105
7.95273e-21 -0.000115153 0.0214079 0.0212927
7.95701e-21 -0.000115216 0.0214403 0.021325
7.96129e-21 -0.000115212 0.0214394 0.0213242
7.96558e-21 -0.000115176 0.0214221 0.0213069
7.96986e-21 -0.000115124 0.0213955 0.0212804
7.97414e-21 -0.000115047 0.0213565 0.0212415
7.97842e-21 -0.000114932 0.0212988 0.0211838
7.98271e-21 -0.000114776 0.0212207 0.0211059
7.98699e-21 -0.000114587 0.0211265 0.0210119
7.99127e-21 -0.000114377 0.0210217 0.0209073
7.99555e-21 -0.000114153 0.020909 0.0207948
7.99984e-21 -0.000113913 0.0207892 0.0206753
8.00412e-21 -0.000113665 0.0206655 0.0205519
8.0084e-21 -0.000113427 0.0205468 0.0204334
8.01268e-21 -0.00011322 0.0204428 0.0203296
8.01697e-21 -0.000113044 0.0203537 0.0202407
8.02125e-21 -0.000112876 0.020269 0.0201561
8.02553e-21 -0.000112704 0.0201841 0.0200714
8.02981e-21 -0.000112561 0.0201144 0.0200018
8.0341e-21 -0.000112499 0.020084 0.0199715
8.03838e-21 -0.000112538 0.0201026 0.01999
8.04266e-21 -0.000112653 0.0201595 0.0200468
8.04694e-21 -0.000112824 0.0202462 0.0201334
8.05123e-21 -0.00011307 0.0203706 0.0202575
8.05551e-21 -0.000113417 0.0205442 0.0204308
8.05979e-21 -0.000113858 0.0207634 0.0206496
8.06407e-21 -0.000114347 0.0210057 0.0208913
8.06836e-21 -0.000114817 0.0212394 0.0211246
8.07264e-21 -0.000115212 0.0214358 0.0213206
8.07692e-21 -0.00011549 0.0215741 0.0214586
8.0812e-21 -0.000115627 0.0216423 0.0215267
8.08549e-21 -0.000115614 0.0216357 0.02152
8.08977e-21 -0.000115451 0.0215544 0.0214389
8.09405e-21 -0.000115145 0.0214016 0.0212864
8.09834e-21 -0.000114707 0.0211831 0.0210684
8.10262e-21 -0.000114162 0.0209114 0.0207973
8.1069e-21 -0.000113555 0.0206098 0.0204962
8.11118e-21 -0.000112954 0.0203113 0.0201984
8.11547e-21 -0.000112436 0.0200546 0.0199422
8.11975e-21 -0.000112081 0.0198786 0.0197665
8.12403e-21 -0.00011195 0.0198141 0.0197021
8.12831e-21 -0.000112064 0.0198694 0.0197574
8.1326e-21 -0.000112374 0.0200213 0.019909
8.13688e-21 -0.000112785 0.020224 0.0201112
8.14116e-21 -0.000113202 0.0204311 0.0203179
8.14544e-21 -0.000113564 0.0206112 0.0204977
8.14973e-21 -0.000113836 0.020747 0.0206332
8.15401e-21 -0.000114 0.0208295 0.0207155
8.15829e-21 -0.000114054 0.020857 0.0207429
8.16257e-21 -0.00011401 0.0208354 0.0207214
8.16686e-21 -0.000113887 0.0207744 0.0206605
8.17114e-21 -0.000113708 0.0206862 0.0205725
8.17542e-21 -0.000113513 0.0205901 0.0204765
8.1797e-21 -0.00011335 0.0205094 0.020396
8.18399e-21 -0.000113247 0.0204574 0.0203442
8.18827e-21 -0.000113197 0.0204318 0.0203186
8.19255e-21 -0.000113191 0.0204296 0.0203164
8.19683e-21 -0.000113249 0.0204593 0.0203461
8.20112e-21 -0.000113388 0.020528 0.0204146
8.2054e-21 -0.000113573 0.0206174 0.0205038
8.20968e-21 -0.000113718 0.0206877 0.020574
8.21396e-21 -0.000113757 0.0207071 0.0205934
8.21825e-21 -0.000113685 0.0206727 0.020559
8.22253e-21 -0.000113551 0.0206083 0.0204947
8.22681e-21 -0.00011343 0.0205502 0.0204367
8.23109e-21 -0.000113391 0.0205315 0.0204181
8.23538e-21 -0.000113472 0.0205723 0.0204588
8.23966e-21 -0.000113678 0.0206743 0.0205606
8.24394e-21 -0.00011397 0.0208184 0.0207044
8.24823e-21 -0.000114278 0.0209703 0.020856
8.25251e-21 -0.00011453 0.0210947 0.0209802
8.25679e-21 -0.000114676 0.0211678 0.0210531
8.26107e-21 -0.000114704 0.0211823 0.0210676
8.26536e-21 -0.000114626 0.0211444 0.0210298
8.26964e-21 -0.000114469 0.021067 0.0209525
8.27392e-21 -0.000114261 0.0209635 0.0208493
8.2782e-21 -0.000114022 0.0208446 0.0207305
8.28249e-21 -0.000113768 0.0207183 0.0206045
8.28677e-21 -0.000113517 0.0205933 0.0204798
8.29105e-21 -0.000113289 0.0204795 0.0203663
8.29533e-21 -0.0001131 0.0203851 0.020272
8.29962e-21 -0.000112957 0.0203133 0.0202004
8.3039e-21 -0.000112857 0.0202631 0.0201502
8.30818e-21 -0.000112795 0.020232 0.0201192
8.31246e-21 -0.00011277 0.0202199 0.0201071
8.31675e-21 -0.000112784 0.0202264 0.0201136
8.32103e-21 -0.000112823 0.0202452 0.0201324
8.32531e-21 -0.000112859 0.0202623 0.0201494
8.32959e-21 -0.000112862 0.0202631 0.0201503
8.33388e-21 -0.000112816 0.0202406 0.0201277
8.33816e-21 -0.000112726 0.0201958 0.0200831
8.34244e-21 -0.000112601 0.0201335 0.0200209
8.34672e-21 -0.000112448 0.0200568 0.0199444
8.35101e-21 -0.000112272 0.0199692 0.0198569
8.35529e-21 -0.00011209 0.0198792 0.0197671
8.35957e-21 -0.000111936 0.0198036 0.0196917
8.36385e-21 -0.000111853 0.019763 0.0196512
8.36814e-21 -0.00011187 0.0197716 0.0196597
8.37242e-21 -0.000111984 0.0198272 0.0197152
8.3767e-21 -0.000112154 0.0199104 0.0197982
8.38098e-21 -0.000112325 0.0199942 0.0198819
8.38527e-21 -0.000112451 0.0200567 0.0199442
8.38955e-21 -0.000112515 0.020089 0.0199765
8.39383e-21 -0.000112527 0.0200958 0.0199833
8.39811e-21 -0.000112515 0.0200911 0.0199786
8.4024e-21 -0.000112514 0.0200909 0.0199784
8.40668e-21 -0.000112545 0.0201071 0.0199946
8.41096e-21 -0.00011262 0.0201442 0.0200316
8.41525e-21 -0.000112732 0.0201997 0.020087
8.41953e-21 -0.000112861 0.0202631 0.0201503
8.42381e-21 -0.000112971 0.0203167 0.0202037
8.42809e-21 -0.000113019 0.0203393 0.0202263
8.43238e-21 -0.00011297 0.0203142 0.0202012
8.43666e-21 -0.000112812 0.0202352 0.0201224
8.44094e-21 -0.00011256 0.0201104 0.0199978
8.44522e-21 -0.000112255 0.0199592 0.019847
8.44951e-21 -0.000111949 0.0198076 0.0196957
8.45379e-21 -0.000111693 0.0196807 0.019569
8.45807e-21 -0.000111523 0.0195959 0.0194843
8.46235e-21 -0.000111451 0.019559 0.0194476
8.46664e-21 -0.000111464 0.0195648 0.0194533
8.47092e-21 -0.000111537 0.0196005 0.0194889
8.4752e-21 -0.000111643 0.0196526 0.019541
8.47948e-21 -0.000111765 0.019714 0.0196022
8.48377e-21 -0.000111913 0.0197891 0.0196772
8.48805e-21 -0.000112111 0.0198881 0.019776
8.49233e-21 -0.000112353 0.0200075 0.0198951
8.49661e-21 -0.00011259 0.0201248 0.0200122
8.5009e-21 -0.00011277 0.0202142 0.0201014
8.50518e-21 -0.000112867 0.0202631 0.0201502
8.50946e-21 -0.00011289 0.0202756 0.0201627
8.51374e-21 -0.00011287 0.0202673 0.0201544
8.51803e-21 -0.000112847 0.0202568 0.020144
8.52231e-21 -0.000112851 0.0202597 0.0201468
8.52659e-21 -0.000112903 0.0202856 0.0201727
8.53087e-21 -0.000113007 0.0203378 0.0202248
8.53516e-21 -0.000113159 0.0204132 0.0203
8.53944e-21 -0.000113341 0.0205032 0.0203899
8.54372e-21 -0.000113525 0.0205945 0.0204809
8.548e-21 -0.00011368 0.0206712 0.0205575
8.55229e-21 -0.000113784 0.0207232 0.0206094
8.55657e-21 -0.000113835 0.0207495 0.0206356
8.56085e-21 -0.000113844 0.0207537 0.0206399
8.56514e-21 -0.000113811 0.0207372 0.0206234
