time[s] cohesive[eV/atom] kinetic[eV/atom] total[eV/atom]
0 -0.0749393 0.038778 -0.0361613
6.66795e-11 -0.0737801 0.0374766 -0.0363034
1.33359e-10 -0.0686803 0.0320359 -0.0366444
2.00038e-10 -0.0576848 0.0217556 -0.0359293
2.66718e-10 -0.0529622 0.0171422 -0.0358199
3.33397e-10 -0.0567016 0.0202236 -0.036478
4.00077e-10 -0.0584291 0.0220373 -0.0363918
4.66756e-10 -0.0579601 0.0217253 -0.0362348
5.33436e-10 -0.0574575 0.0212154 -0.036242
6.00115e-10 -0.0572748 0.0209776 -0.0362972
6.66795e-10 -0.0567264 0.0204531 -0.0362733
7.33474e-10 -0.056413 0.0201641 -0.0362489
8.00154e-10 -0.0566653 0.0203693 -0.0362959
8.66833e-10 -0.0566352 0.0203514 -0.0362837
9.33513e-10 -0.0564243 0.0201567 -0.0362677
1.00019e-09 -0.0564302 0.0202365 -0.0361937
1.06687e-09 -0.0573584 0.0210721 -0.0362863
1.13355e-09 -0.0578521 0.0215325 -0.0363196
1.20023e-09 -0.0574608 0.02118 -0.0362809
1.26691e-09 -0.0568735 0.0205918 -0.0362816
1.33359e-09 -0.0565628 0.0203458 -0.0362169
1.40027e-09 -0.0571126 0.0207693 -0.0363433
1.46695e-09 -0.0573139 0.0210042 -0.0363096
1.53363e-09 -0.057316 0.0210647 -0.0362513
1.60031e-09 -0.0574853 0.0211477 -0.0363376
1.66699e-09 -0.0567295 0.0204446 -0.0362849
1.73367e-09 -0.056041 0.0198311 -0.0362099
1.80035e-09 -0.0563688 0.020007 -0.0363618
1.86703e-09 -0.0564032 0.0201635 -0.0362397
1.93371e-09 -0.056807 0.0204665 -0.0363405
2.00038e-09 -0.056231 0.0200589 -0.0361721
2.06706e-09 -0.0567019 0.0204358 -0.0362661
2.13374e-09 -0.0570985 0.0208288 -0.0362697
2.20042e-09 -0.0571751 0.0209654 -0.0362097
2.2671e-09 -0.0573942 0.0211056 -0.0362886
2.33378e-09 -0.0567033 0.0204648 -0.0362384
2.40046e-09 -0.0563259 0.0201572 -0.0361687
2.46714e-09 -0.056827 0.0206449 -0.0361821
2.53382e-09 -0.0569392 0.0207925 -0.0361468
2.6005e-09 -0.05699 0.0208913 -0.0360987
2.66718e-09 -0.0572095 0.0210691 -0.0361404
2.73386e-09 -0.0567809 0.0206261 -0.0361547
2.80054e-09 -0.0558069 0.0197105 -0.0360964
2.86722e-09 -0.0555303 0.0193848 -0.0361455
2.9339e-09 -0.0560099 0.019873 -0.0361369
3.00058e-09 -0.0567044 0.0205368 -0.0361675
3.06726e-09 -0.0569104 0.0207421 -0.0361683
3.13394e-09 -0.0567417 0.0206196 -0.0361221
3.20062e-09 -0.0565483 0.0204265 -0.0361218
3.26729e-09 -0.0563288 0.020205 -0.0361238
3.33397e-09 -0.0562955 0.020166 -0.0361295
3.40065e-09 -0.0560656 0.0198922 -0.0361734
3.46733e-09 -0.0551869 0.0191303 -0.0360566
3.53401e-09 -0.055221 0.0190936 -0.0361274
3.60069e-09 -0.0555697 0.0194428 -0.0361269
3.66737e-09 -0.0561426 0.0199572 -0.0361853
3.73405e-09 -0.0562822 0.0201478 -0.0361345
3.80073e-09 -0.0561589 0.0200003 -0.0361586
3.86741e-09 -0.0559182 0.0198387 -0.0360795
3.93409e-09 -0.056108 0.0199942 -0.0361137
4.00077e-09 -0.0563863 0.020297 -0.0360894
4.06745e-09 -0.056771 0.0206193 -0.0361517
4.13413e-09 -0.056467 0.0204359 -0.0360311
4.20081e-09 -0.05686 0.0207619 -0.0360981
4.26749e-09 -0.0572356 0.0211664 -0.0360692
4.33417e-09 -0.0575484 0.02133 -0.0362184
4.40085e-09 -0.0566783 0.0206344 -0.0360439
4.46753e-09 -0.0560769 0.0199565 -0.0361204
4.53421e-09 -0.0557984 0.0197468 -0.0360516
4.60088e-09 -0.0562044 0.0201872 -0.0360172
4.66756e-09 -0.0567434 0.0206396 -0.0361038
4.73424e-09 -0.0564477 0.0203958 -0.0360519
4.80092e-09 -0.0561129 0.0201648 -0.0359481
4.8676e-09 -0.0566166 0.0205137 -0.0361029
4.93428e-09 -0.0559911 0.0199419 -0.0360492
5.00096e-09 -0.0553381 0.0193955 -0.0359426
5.06764e-09 -0.0557292 0.019693 -0.0360362
5.13432e-09 -0.0559025 0.019901 -0.0360015
5.201e-09 -0.0559488 0.019943 -0.0360058
5.26768e-09 -0.0558799 0.0198038 -0.0360761
5.33436e-09 -0.0552762 0.0193887 -0.0358875
5.40104e-09 -0.0557289 0.0197764 -0.0359525
5.46772e-09 -0.0560022 0.0200788 -0.0359234
5.5344e-09 -0.0562205 0.020239 -0.0359815
5.60108e-09 -0.0561174 0.0201898 -0.0359277
5.66776e-09 -0.0563705 0.0203846 -0.0359859
5.73444e-09 -0.0562428 0.0203032 -0.0359395
5.80112e-09 -0.056294 0.0203367 -0.0359573
5.86779e-09 -0.0564092 0.020429 -0.0359801
5.93447e-09 -0.0565867 0.0206352 -0.0359515
6.00115e-09 -0.0568148 0.0207669 -0.0360479
6.06783e-09 -0.0560157 0.0201831 -0.0358326
6.13451e-09 -0.0564468 0.0205787 -0.0358681
6.20119e-09 -0.0570371 0.0211062 -0.035931
6.26787e-09 -0.0566948 0.0208849 -0.0358099
6.33455e-09 -0.0565608 0.0206518 -0.035909
6.40123e-09 -0.0562345 0.0205124 -0.0357221
6.46791e-09 -0.0567531 0.0209049 -0.0358482
6.53459e-09 -0.0559714 0.0201617 -0.0358097
6.60127e-09 -0.0555253 0.019872 -0.0356533
6.66795e-09 -0.056935 0.0210811 -0.0358539
6.73463e-09 -0.0570673 0.0213216 -0.0357456
6.80131e-09 -0.0568197 0.0211001 -0.0357196
6.86799e-09 -0.0567191 0.0209746 -0.0357445
6.93467e-09 -0.0566609 0.0208345 -0.0358264
7.00135e-09 -0.0561006 0.020398 -0.0357026
7.06803e-09 -0.0563174 0.0205335 -0.035784
7.1347e-09 -0.0565215 0.020696 -0.0358254
7.20138e-09 -0.0558908 0.0201621 -0.0357287
7.26806e-09 -0.0557106 0.0199631 -0.0357475
7.33474e-09 -0.0559464 0.0201743 -0.0357721
7.40142e-09 -0.0562556 0.0205105 -0.0357451
7.4681e-09 -0.0565 0.0207079 -0.0357921
7.53478e-09 -0.0561677 0.0204378 -0.0357299
7.60146e-09 -0.0559686 0.0202002 -0.0357684
7.66814e-09 -0.055733 0.0199482 -0.0357848
7.73482e-09 -0.055622 0.0198574 -0.0357646
7.8015e-09 -0.0556548 0.0198459 -0.0358089
7.86818e-09 -0.0556262 0.019923 -0.0357031
7.93486e-09 -0.0561681 0.0203375 -0.0358306
8.00154e-09 -0.0557572 0.0200726 -0.0356846
8.06822e-09 -0.0561042 0.0203339 -0.0357703
8.1349e-09 -0.0564228 0.0207068 -0.035716
8.20158e-09 -0.0567009 0.0209963 -0.0357045
8.26826e-09 -0.0570443 0.021286 -0.0357583
8.33494e-09 -0.056896 0.0211483 -0.0357477
8.40162e-09 -0.056506 0.0208084 -0.0356976
8.46829e-09 -0.0566046 0.0208061 -0.0357985
8.53497e-09 -0.0563856 0.0207108 -0.0356747
8.60165e-09 -0.0565287 0.0207804 -0.0357483
8.66833e-09 -0.0562599 0.0205765 -0.0356834
8.73501e-09 -0.0563699 0.0206652 -0.0357047
8.80169e-09 -0.0567718 0.0210054 -0.0357664
8.86837e-09 -0.0566785 0.0209847 -0.0356939
8.93505e-09 -0.0565815 0.020858 -0.0357235
9.00173e-09 -0.0566938 0.0210167 -0.035677
9.06841e-09 -0.0570133 0.0211921 -0.0358212
9.13509e-09 -0.0557844 0.0201565 -0.0356279
9.20177e-09 -0.0553794 0.0197129 -0.0356665
9.26845e-09 -0.055853 0.0201445 -0.0357086
9.33513e-09 -0.0564429 0.0206792 -0.0357637
9.40181e-09 -0.056359 0.0206246 -0.0357344
9.46849e-09 -0.0558642 0.0201669 -0.0356973
9.53517e-09 -0.0561499 0.0204092 -0.0357407
9.60185e-09 -0.0564495 0.0207644 -0.0356851
9.66853e-09 -0.0564011 0.0206847 -0.0357164
9.7352e-09 -0.0560186 0.0203719 -0.0356467
9.80188e-09 -0.0564215 0.0206951 -0.0357264
9.86856e-09 -0.0568257 0.0210917 -0.0357341
9.93524e-09 -0.0564612 0.0207657 -0.0356955
1.00019e-08 -0.0560503 0.0204006 -0.0356496
1.00686e-08 -0.0564049 0.0206919 -0.0357131
1.01353e-08 -0.0566405 0.0209469 -0.0356936
1.0202e-08 -0.0566754 0.0210164 -0.0356591
1.02686e-08 -0.0569232 0.0212314 -0.0356918
1.03353e-08 -0.0571823 0.0215168 -0.0356655
1.0402e-08 -0.0574656 0.0217306 -0.035735
1.04687e-08 -0.0569809 0.021308 -0.035673
1.05354e-08 -0.0564974 0.0208468 -0.0356505
1.0602e-08 -0.0567035 0.0209948 -0.0357087
1.06687e-08 -0.0569285 0.0212296 -0.0356989
1.07354e-08 -0.0569598 0.0212667 -0.035693
1.08021e-08 -0.0569028 0.0211094 -0.0357934
1.08688e-08 -0.0560873 0.0204144 -0.0356729
1.09354e-08 -0.0560608 0.0203699 -0.0356909
1.10021e-08 -0.0564597 0.0207079 -0.0357518
1.10688e-08 -0.0562152 0.0205034 -0.0357119
1.11355e-08 -0.0562657 0.0205226 -0.0357431
1.12022e-08 -0.056679 0.020938 -0.035741
1.12688e-08 -0.0564542 0.0207726 -0.0356817
1.13355e-08 -0.0558441 0.0202309 -0.0356132
1.14022e-08 -0.0560409 0.0204262 -0.0356147
1.14689e-08 -0.0563613 0.0207813 -0.03558
1.15356e-08 -0.0562769 0.0207099 -0.035567
1.16022e-08 -0.0562997 0.0207259 -0.0355738
1.16689e-08 -0.0563639 0.0207985 -0.0355654
1.17356e-08 -0.0566912 0.0211533 -0.0355379
1.18023e-08 -0.0574029 0.0217674 -0.0356354
1.18689e-08 -0.0571095 0.0215164 -0.0355931
1.19356e-08 -0.0562869 0.0207876 -0.0354993
1.20023e-08 -0.0561697 0.0205868 -0.0355828
1.2069e-08 -0.0566036 0.0209554 -0.0356482
1.21357e-08 -0.056547 0.0209344 -0.0356126
1.22023e-08 -0.0560692 0.0204556 -0.0356136
1.2269e-08 -0.0553242 0.0197842 -0.03554
1.23357e-08 -0.0550455 0.01971 -0.0353356
1.24024e-08 -0.0555554 0.0201662 -0.0353892
1.24691e-08 -0.0555001 0.0202327 -0.0352674
1.25357e-08 -0.0562563 0.0208664 -0.0353899
1.26024e-08 -0.0560894 0.0208548 -0.0352346
1.26691e-08 -0.0559065 0.020796 -0.0351104
1.27358e-08 -0.0554951 0.0204099 -0.0350852
1.28025e-08 -0.0556278 0.0205841 -0.0350438
1.28691e-08 -0.0560622 0.0209509 -0.0351113
1.29358e-08 -0.0559959 0.0209233 -0.0350726
1.30025e-08 -0.0558301 0.0207688 -0.0350613
1.30692e-08 -0.0559954 0.0209498 -0.0350456
1.31359e-08 -0.0563556 0.0213183 -0.0350373
1.32025e-08 -0.0565738 0.021514 -0.0350599
1.32692e-08 -0.0565848 0.0215273 -0.0350575
1.33359e-08 -0.0558858 0.0208566 -0.0350292
1.34026e-08 -0.0559076 0.0207473 -0.0351604
1.34693e-08 -0.0561193 0.0209828 -0.0351365
1.35359e-08 -0.0559476 0.0208427 -0.035105
1.36026e-08 -0.0556902 0.0206572 -0.0350329
1.36693e-08 -0.0559993 0.0209182 -0.0350811
1.3736e-08 -0.0564225 0.0213703 -0.0350521
1.38027e-08 -0.0568201 0.0217133 -0.0351068
1.38693e-08 -0.0564898 0.0214295 -0.0350603
1.3936e-08 -0.0562884 0.0212132 -0.0350752
1.40027e-08 -0.0562362 0.0211826 -0.0350536
1.40694e-08 -0.0562645 0.0212471 -0.0350174
1.41361e-08 -0.0569233 0.0217592 -0.0351641
1.42027e-08 -0.0567468 0.0216223 -0.0351244
1.42694e-08 -0.0560199 0.0209825 -0.0350374
1.43361e-08 -0.0559097 0.0208184 -0.0350913
1.44028e-08 -0.0559554 0.0208704 -0.0350849
1.44694e-08 -0.0559063 0.0208022 -0.0351041
1.45361e-08 -0.055489 0.0204824 -0.0350066
1.46028e-08 -0.0555301 0.0204436 -0.0350864
1.46695e-08 -0.055266 0.0202599 -0.0350062
1.47362e-08 -0.0556715 0.0206254 -0.0350462
1.48028e-08 -0.0562396 0.0211359 -0.0351037
1.48695e-08 -0.0560057 0.0209681 -0.0350376
1.49362e-08 -0.0557713 0.020683 -0.0350883
1.50029e-08 -0.055319 0.0203337 -0.0349852
1.50696e-08 -0.0558007 0.0207141 -0.0350866
1.51362e-08 -0.0562337 0.0211977 -0.035036
1.52029e-08 -0.0561013 0.0212381 -0.0348633
1.52696e-08 -0.0557372 0.0208484 -0.0348887
1.53363e-08 -0.0552939 0.0204642 -0.0348298
1.5403e-08 -0.055772 0.0208453 -0.0349268
1.54696e-08 -0.0559452 0.0210972 -0.034848
1.55363e-08 -0.0560698 0.0212428 -0.0348269
1.5603e-08 -0.0563324 0.021444 -0.0348884
1.56697e-08 -0.0559664 0.0211145 -0.0348519
1.57364e-08 -0.0558272 0.0210558 -0.0347715
1.5803e-08 -0.0566607 0.0217794 -0.0348813
1.58697e-08 -0.0569016 0.0220355 -0.0348661
1.59364e-08 -0.0565213 0.021626 -0.0348953
1.60031e-08 -0.0557774 0.0209668 -0.0348106
1.60698e-08 -0.0557258 0.0208801 -0.0348457
1.61364e-08 -0.0558893 0.0210751 -0.0348141
1.62031e-08 -0.0562176 0.0212776 -0.03494
1.62698e-08 -0.0555446 0.0207238 -0.0348208
1.63365e-08 -0.0551124 0.0202977 -0.0348148
1.64032e-08 -0.055313 0.0204677 -0.0348453
1.64698e-08 -0.0556714 0.0208245 -0.0348469
1.65365e-08 -0.0560219 0.0212195 -0.0348024
1.66032e-08 -0.0564419 0.0215656 -0.0348762
1.66699e-08 -0.0561768 0.021357 -0.0348198
1.67366e-08 -0.055834 0.0210261 -0.0348079
1.68032e-08 -0.0556903 0.0208655 -0.0348248
1.68699e-08 -0.0554089 0.0205738 -0.0348352
1.69366e-08 -0.0552808 0.0204803 -0.0348004
1.70033e-08 -0.0557123 0.0208519 -0.0348604
1.70699e-08 -0.0558283 0.0211006 -0.0347276
1.71366e-08 -0.0563276 0.021516 -0.0348116
1.72033e-08 -0.0559654 0.0212853 -0.0346801
1.727e-08 -0.0563464 0.0216168 -0.0347296
1.73367e-08 -0.0569707 0.0221635 -0.0348072
1.74033e-08 -0.0566766 0.0219301 -0.0347465
1.747e-08 -0.0561309 0.02134 -0.0347909
1.75367e-08 -0.0557119 0.0210098 -0.0347021
1.76034e-08 -0.0561042 0.0213553 -0.0347489
1.76701e-08 -0.0565298 0.0217653 -0.0347645
1.77367e-08 -0.0564774 0.0217442 -0.0347333
1.78034e-08 -0.0559839 0.0213204 -0.0346634
1.78701e-08 -0.0559652 0.0212928 -0.0346724
1.79368e-08 -0.0560486 0.0212703 -0.0347783
1.80035e-08 -0.0555567 0.0209091 -0.0346476
1.80701e-08 -0.055594 0.020828 -0.034766
1.81368e-08 -0.0551331 0.0204776 -0.0346554
1.82035e-08 -0.0550448 0.0204445 -0.0346003
1.82702e-08 -0.055481 0.0207823 -0.0346987
1.83369e-08 -0.0558149 0.0211634 -0.0346515
1.84035e-08 -0.0564032 0.0217156 -0.0346876
1.84702e-08 -0.0563676 0.0217615 -0.0346061
1.85369e-08 -0.0565708 0.0218226 -0.0347481
1.86036e-08 -0.0559438 0.0213299 -0.0346139
1.86703e-08 -0.0559515 0.0212745 -0.034677
1.87369e-08 -0.0561161 0.0214331 -0.0346829
1.88036e-08 -0.0558357 0.0211477 -0.034688
1.88703e-08 -0.0552419 0.0206345 -0.0346073
1.8937e-08 -0.0555297 0.0208189 -0.0347108
1.90037e-08 -0.0557132 0.0209882 -0.034725
1.90703e-08 -0.0552856 0.0206916 -0.034594
1.9137e-08 -0.0553387 0.02074 -0.0345987
1.92037e-08 -0.0562456 0.0215982 -0.0346474
1.92704e-08 -0.056971 0.0222702 -0.0347008
1.93371e-08 -0.0568531 0.022245 -0.034608
1.94037e-08 -0.0565144 0.0219192 -0.0345952
1.94704e-08 -0.0553382 0.0208853 -0.0344529
1.95371e-08 -0.0551155 0.020605 -0.0345105
1.96038e-08 -0.0551867 0.020556 -0.0346307
1.96704e-08 -0.0543385 0.0198017 -0.0345368
1.97371e-08 -0.0544897 0.0200289 -0.0344608
1.98038e-08 -0.0560849 0.0213904 -0.0346945
1.98705e-08 -0.0560527 0.0215543 -0.0344984
1.99372e-08 -0.0561627 0.0216703 -0.0344924
2.00038e-08 -0.0564124 0.0218972 -0.0345152
2.00705e-08 -0.0563687 0.021831 -0.0345377
2.01372e-08 -0.0557108 0.0213412 -0.0343696
2.02039e-08 -0.0554694 0.0210192 -0.0344502
2.02706e-08 -0.0542881 0.0199846 -0.0343034
2.03372e-08 -0.0542351 0.0200266 -0.0342085
2.04039e-08 -0.0553218 0.0210564 -0.0342654
2.04706e-08 -0.0561492 0.0217516 -0.0343976
2.05373e-08 -0.0554147 0.0212107 -0.034204
2.0604e-08 -0.0550003 0.0207804 -0.0342198
2.06706e-08 -0.0553265 0.0209587 -0.0343679
2.07373e-08 -0.0552587 0.0210253 -0.0342333
2.0804e-08 -0.0555219 0.0212197 -0.0343023
2.08707e-08 -0.05528 0.0210438 -0.0342362
2.09374e-08 -0.0552681 0.0210217 -0.0342464
2.1004e-08 -0.0553278 0.0210583 -0.0342695
2.10707e-08 -0.0550212 0.0207777 -0.0342435
2.11374e-08 -0.0547746 0.0205243 -0.0342503
2.12041e-08 -0.054645 0.0204085 -0.0342365
2.12708e-08 -0.0546409 0.0203781 -0.0342628
2.13374e-08 -0.0549196 0.0206573 -0.0342624
2.14041e-08 -0.0552621 0.0210115 -0.0342506
2.14708e-08 -0.0555528 0.0212413 -0.0343115
2.15375e-08 -0.0553594 0.0210957 -0.0342637
2.16042e-08 -0.0551948 0.0209318 -0.034263
2.16708e-08 -0.0552656 0.0209452 -0.0343203
2.17375e-08 -0.0547992 0.0205602 -0.034239
2.18042e-08 -0.0549567 0.0206442 -0.0343125
2.18709e-08 -0.0551051 0.0209072 -0.0341979
2.19376e-08 -0.0552375 0.0211792 -0.0340583
2.20042e-08 -0.055177 0.0212037 -0.0339733
2.20709e-08 -0.0556588 0.0216633 -0.0339955
2.21376e-08 -0.0558172 0.0218215 -0.0339957
2.22043e-08 -0.0557221 0.0217073 -0.0340148
2.22709e-08 -0.0553392 0.0213948 -0.0339444
2.23376e-08 -0.0555758 0.0216153 -0.0339606
2.24043e-08 -0.0562639 0.0222369 -0.0340271
2.2471e-08 -0.0563316 0.0224079 -0.0339238
2.25377e-08 -0.0568294 0.0228043 -0.0340251
2.26043e-08 -0.0566991 0.0226918 -0.0340073
2.2671e-08 -0.055973 0.0220881 -0.0338849
2.27377e-08 -0.0554521 0.0217143 -0.0337378
2.28044e-08 -0.0557054 0.021827 -0.0338784
2.28711e-08 -0.0551359 0.0213533 -0.0337826
2.29377e-08 -0.0548178 0.0209995 -0.0338183
2.30044e-08 -0.0547389 0.0208972 -0.0338417
2.30711e-08 -0.0544406 0.0205999 -0.0338407
2.31378e-08 -0.0541977 0.0204259 -0.0337717
2.32045e-08 -0.0547811 0.020912 -0.0338691
2.32711e-08 -0.0548985 0.0211277 -0.0337708
2.33378e-08 -0.0548624 0.0210501 -0.0338123
2.34045e-08 -0.0546775 0.0209161 -0.0337615
2.34712e-08 -0.0550778 0.0213298 -0.0337481
2.35379e-08 -0.0559339 0.0221006 -0.0338334
2.36045e-08 -0.0560079 0.0221512 -0.0338567
2.36712e-08 -0.0554086 0.0217215 -0.0336871
2.37379e-08 -0.0556416 0.0218786 -0.0337629
2.38046e-08 -0.0556608 0.0219013 -0.0337595
2.38713e-08 -0.0551853 0.0214779 -0.0337073
2.39379e-08 -0.0551922 0.0215774 -0.0336149
2.40046e-08 -0.0559748 0.0222268 -0.0337479
2.40713e-08 -0.0554517 0.0218031 -0.0336485
2.4138e-08 -0.0548436 0.0211864 -0.0336572
2.42047e-08 -0.0544841 0.0207959 -0.0336882
2.42713e-08 -0.0542254 0.0206136 -0.0336118
2.4338e-08 -0.0547109 0.0210571 -0.0336538
2.44047e-08 -0.0549604 0.0212766 -0.0336838
2.44714e-08 -0.054638 0.0209789 -0.0336591
2.45381e-08 -0.0543578 0.0207383 -0.0336195
2.46047e-08 -0.0543786 0.0206863 -0.0336924
2.46714e-08 -0.0540953 0.0205394 -0.033556
2.47381e-08 -0.0543522 0.0208964 -0.0334557
2.48048e-08 -0.055046 0.0215432 -0.0335029
2.48714e-08 -0.0550771 0.0217082 -0.0333689
2.49381e-08 -0.0555221 0.0221673 -0.0333548
2.50048e-08 -0.0562741 0.0228378 -0.0334364
2.50715e-08 -0.056191 0.0227541 -0.0334368
2.51382e-08 -0.055123 0.0217798 -0.0333432
2.52048e-08 -0.0546962 0.0213425 -0.0333537
2.52715e-08 -0.0550302 0.0216918 -0.0333384
2.53382e-08 -0.0556837 0.0223034 -0.0333803
2.54049e-08 -0.0560427 0.0226521 -0.0333907
2.54716e-08 -0.0558996 0.0225224 -0.0333773
2.55382e-08 -0.0553004 0.0219814 -0.033319
2.56049e-08 -0.0552307 0.0219495 -0.0332812
2.56716e-08 -0.0563426 0.0229204 -0.0334222
2.57383e-08 -0.0566334 0.0232539 -0.0333795
2.5805e-08 -0.0559922 0.02262 -0.0333722
2.58716e-08 -0.0553943 0.022074 -0.0333204
2.59383e-08 -0.0550451 0.0216882 -0.0333569
2.6005e-08 -0.0547 0.0214064 -0.0332936
2.60717e-08 -0.055447 0.0220195 -0.0334275
2.61384e-08 -0.0553461 0.0220048 -0.0333413
2.6205e-08 -0.0550992 0.021725 -0.0333742
2.62717e-08 -0.0550519 0.0216961 -0.0333558
2.63384e-08 -0.0550388 0.0216675 -0.0333713
2.64051e-08 -0.0550314 0.0217364 -0.033295
2.64718e-08 -0.0556407 0.0222672 -0.0333735
2.65384e-08 -0.055303 0.0219367 -0.0333663
2.66051e-08 -0.0544868 0.0212421 -0.0332447
2.66718e-08 -0.0550026 0.0216475 -0.0333551
2.67385e-08 -0.0554038 0.022065 -0.0333388
2.68052e-08 -0.0554734 0.022171 -0.0333023
2.68718e-08 -0.0554941 0.0221457 -0.0333484
2.69385e-08 -0.0550619 0.0218121 -0.0332498
2.70052e-08 -0.0550303 0.0216931 -0.0333372
2.70719e-08 -0.0547963 0.0214741 -0.0333222
2.71386e-08 -0.0546508 0.0213267 -0.0333241
2.72052e-08 -0.0546403 0.0213991 -0.0332411
2.72719e-08 -0.0552837 0.0219806 -0.0333031
2.73386e-08 -0.0560812 0.0227469 -0.0333344
2.74053e-08 -0.0559857 0.0226111 -0.0333746
2.74719e-08 -0.0547543 0.0215077 -0.0332465
2.75386e-08 -0.0540567 0.0207689 -0.0332879
2.76053e-08 -0.0541204 0.0209579 -0.0331625
2.7672e-08 -0.0553888 0.0220144 -0.0333743
2.77387e-08 -0.0551295 0.0218912 -0.0332382
2.78053e-08 -0.0547665 0.0215353 -0.0332312
2.7872e-08 -0.0549209 0.0215911 -0.0333299
2.79387e-08 -0.0550953 0.0218316 -0.0332637
2.80054e-08 -0.0552294 0.0220074 -0.0332221
2.80721e-08 -0.0551425 0.0218476 -0.0332949
2.81387e-08 -0.0545944 0.0214535 -0.0331408
2.82054e-08 -0.0550858 0.0218531 -0.0332328
2.82721e-08 -0.0558005 0.0225357 -0.0332648
2.83388e-08 -0.0558206 0.0226005 -0.0332201
2.84055e-08 -0.0554371 0.0222113 -0.0332258
2.84721e-08 -0.0551817 0.022001 -0.0331807
2.85388e-08 -0.0553019 0.0221274 -0.0331745
2.86055e-08 -0.0557534 0.0224929 -0.0332605
2.86722e-08 -0.055601 0.0224517 -0.0331493
2.87389e-08 -0.0555733 0.0224112 -0.0331621
2.88055e-08 -0.0556657 0.0225013 -0.0331643
2.88722e-08 -0.0557811 0.0226204 -0.0331606
2.89389e-08 -0.0560213 0.0227867 -0.0332345
2.90056e-08 -0.0555427 0.0223502 -0.0331925
2.90723e-08 -0.0549053 0.0217052 -0.0332001
2.91389e-08 -0.0544417 0.0213588 -0.0330829
2.92056e-08 -0.0553416 0.022141 -0.0332005
2.92723e-08 -0.0561125 0.022881 -0.0332315
2.9339e-08 -0.0558754 0.0227438 -0.0331316
2.94057e-08 -0.0555737 0.0224133 -0.0331605
2.94723e-08 -0.0551963 0.0220882 -0.0331081
2.9539e-08 -0.0550685 0.0219392 -0.0331293
2.96057e-08 -0.0548198 0.0217457 -0.0330741
2.96724e-08 -0.0551447 0.0220617 -0.033083
2.97391e-08 -0.0558052 0.0226874 -0.0331178
2.98057e-08 -0.0558235 0.0227106 -0.033113
2.98724e-08 -0.055321 0.0222007 -0.0331203
2.99391e-08 -0.0549284 0.0219132 -0.0330152
3.00058e-08 -0.055674 0.0225147 -0.0331593
3.00724e-08 -0.055806 0.0226317 -0.0331743
3.01391e-08 -0.0553162 0.0222139 -0.0331023
3.02058e-08 -0.0553612 0.02221 -0.0331512
3.02725e-08 -0.0554648 0.0223425 -0.0331223
3.03392e-08 -0.055529 0.0223258 -0.0332032
3.04058e-08 -0.055097 0.0220008 -0.0330962
3.04725e-08 -0.0553332 0.0221677 -0.0331655
3.05392e-08 -0.0553831 0.0222204 -0.0331627
3.06059e-08 -0.0551972 0.0221913 -0.0330059
3.06726e-08 -0.0558591 0.0227533 -0.0331057
3.07392e-08 -0.055615 0.0225176 -0.0330974
3.08059e-08 -0.0552989 0.0221705 -0.0331284
3.08726e-08 -0.0551401 0.0220677 -0.0330724
3.09393e-08 -0.0555484 0.0224819 -0.0330665
3.1006e-08 -0.0561848 0.0230139 -0.0331709
3.10726e-08 -0.0559987 0.0228562 -0.0331425
3.11393e-08 -0.0552997 0.0221032 -0.0331965
3.1206e-08 -0.0546152 0.0214765 -0.0331387
3.12727e-08 -0.0546854 0.0214944 -0.033191
3.13394e-08 -0.0547789 0.0215843 -0.0331946
3.1406e-08 -0.0549984 0.0218697 -0.0331287
3.14727e-08 -0.0558106 0.0226315 -0.0331791
3.15394e-08 -0.0562397 0.0229354 -0.0333042
3.16061e-08 -0.0550991 0.0219822 -0.0331169
3.16728e-08 -0.0546303 0.021546 -0.0330843
3.17394e-08 -0.055185 0.0219874 -0.0331976
3.18061e-08 -0.055209 0.0220047 -0.0332043
3.18728e-08 -0.0550179 0.0219495 -0.0330684
3.19395e-08 -0.0556635 0.0224151 -0.0332485
3.20062e-08 -0.0550125 0.0219013 -0.0331113
3.20728e-08 -0.0547764 0.0216234 -0.0331531
3.21395e-08 -0.055021 0.0218084 -0.0332125
3.22062e-08 -0.0551047 0.0219077 -0.033197
3.22729e-08 -0.0554225 0.0222652 -0.0331573
3.23396e-08 -0.0557731 0.0226225 -0.0331506
3.24062e-08 -0.0552083 0.0221497 -0.0330586
3.24729e-08 -0.0549916 0.0218864 -0.0331052
3.25396e-08 -0.0550171 0.0219949 -0.0330221
3.26063e-08 -0.055361 0.0222493 -0.0331117
3.26729e-08 -0.0553093 0.0222523 -0.0330569
3.27396e-08 -0.0557103 0.0226126 -0.0330976
3.28063e-08 -0.0558269 0.0227581 -0.0330689
3.2873e-08 -0.0555274 0.0224901 -0.0330373
3.29397e-08 -0.0549435 0.0218405 -0.033103
3.30063e-08 -0.0541557 0.0212205 -0.0329352
3.3073e-08 -0.0548367 0.0217822 -0.0330545
3.31397e-08 -0.0552608 0.0221876 -0.0330732
3.32064e-08 -0.0554306 0.022391 -0.0330396
3.32731e-08 -0.0559276 0.0228178 -0.0331098
3.33397e-08 -0.0555488 0.0225063 -0.0330425
