atom x[N] y[N] z[N]
0 5.97812e-10 2.9201e-09 1.45316e-08 
1 3.53261e-09 3.37684e-09 1.45627e-08 
2 7.06686e-09 2.96922e-09 6.14625e-09 
3 6.4921e-10 6.94161e-09 1.31668e-08 
4 8.71009e-09 6.34318e-09 2.49306e-08 
5 1.39891e-08 6.94982e-09 2.47626e-08 
6 1.92891e-08 6.38317e-09 1.64202e-08 
7 2.10139e-08 1.39473e-08 2.70079e-08 
8 2.96924e-08 1.32898e-08 3.86773e-08 
9 3.48463e-08 1.38405e-08 3.84514e-08 
10 3.99768e-08 1.32722e-08 2.99964e-08 
11 4.17024e-08 2.07435e-08 4.0463e-08 
12 5.01952e-08 2.00838e-08 5.2102e-08 
13 5.50715e-08 2.0598e-08 5.17985e-08 
14 5.99364e-08 2.00078e-08 4.32509e-08 
15 6.14928e-08 2.73668e-08 5.35758e-08 
16 6.80966e-08 2.65372e-08 6.50167e-08 
17 6.47539e-08 3.06722e-08 6.10098e-08 
18 6.10518e-08 2.62909e-08 5.61403e-08 
19 6.04245e-08 3.3818e-08 6.63618e-08 
20 6.06498e-08 4.59881e-08 7.73971e-08 
21 6.33094e-08 5.12348e-08 7.6947e-08 
22 6.64613e-08 6.07419e-08 7.21203e-08 
23 6.00379e-08 6.91604e-08 7.87451e-08 
24 6.75286e-08 7.84059e-08 8.62732e-08 
25 7.22999e-08 8.34919e-08 8.56454e-08 
26 7.7157e-08 9.26217e-08 8.08593e-08 
27 7.85162e-08 1.04347e-07 9.09012e-08 
28 8.66112e-08 1.13285e-07 9.83624e-08 
29 9.12572e-08 1.18169e-07 9.76798e-08 
30 9.59519e-08 1.27065e-07 9.2748e-08 
31 9.73102e-08 1.38552e-07 1.02665e-07 
32 1.05224e-07 1.47257e-07 1.10129e-07 
33 1.09601e-07 1.51957e-07 1.09372e-07 
34 1.14033e-07 1.60603e-07 1.04314e-07 
35 1.1523e-07 1.7183e-07 1.14087e-07 
36 1.21313e-07 1.80151e-07 1.21386e-07 
37 1.1783e-07 1.88188e-07 1.17076e-07 
38 1.13896e-07 1.93103e-07 1.15534e-07 
39 1.13142e-07 2.04187e-07 1.25182e-07 
40 1.13109e-07 2.15838e-07 1.36044e-07 
41 1.1537e-07 2.20159e-07 1.35318e-07 
42 1.18121e-07 2.28659e-07 1.29794e-07 
43 1.11721e-07 2.36002e-07 1.35839e-07 
44 1.18601e-07 2.44251e-07 1.43358e-07 
45 1.22897e-07 2.48398e-07 1.42462e-07 
46 1.27279e-07 2.56525e-07 1.36971e-07 
47 1.28309e-07 2.67025e-07 1.46286e-07 
48 1.35788e-07 2.74963e-07 1.5374e-07 
49 1.3996e-07 2.78905e-07 1.52789e-07 
50 1.44183e-07 2.86795e-07 1.47152e-07 
51 1.45208e-07 2.97053e-07 1.56341e-07 
52 1.52509e-07 3.04753e-07 1.63797e-07 
53 1.56418e-07 3.0851e-07 1.62773e-07 
54 1.60384e-07 3.16145e-07 1.57009e-07 
55 1.61251e-07 3.26141e-07 1.66053e-07 
56 1.66795e-07 3.33462e-07 1.73353e-07 
57 1.63198e-07 3.40404e-07 1.68923e-07 
58 1.59148e-07 3.44455e-07 1.66527e-07 
59 1.58139e-07 3.54296e-07 1.75439e-07 
60 1.57849e-07 3.64578e-07 1.86177e-07 
61 1.59708e-07 3.67675e-07 1.85144e-07 
62 1.62059e-07 3.74872e-07 1.78893e-07 
63 1.55681e-07 3.80859e-07 1.84391e-07 
64 1.61951e-07 3.87815e-07 1.91929e-07 
65 1.65773e-07 3.90737e-07 1.90733e-07 
66 1.69681e-07 3.97572e-07 1.84509e-07 
67 1.70382e-07 4.0657e-07 1.93129e-07 
68 1.77244e-07 4.13224e-07 2.00602e-07 
69 1.80944e-07 4.15946e-07 1.99352e-07 
70 1.84694e-07 4.22547e-07 1.92981e-07 
71 1.85385e-07 4.31307e-07 2.01475e-07 
72 1.92072e-07 4.37727e-07 2.08951e-07 
73 1.95515e-07 4.40268e-07 2.07629e-07 
74 1.99014e-07 4.46619e-07 2.0113e-07 
75 1.99551e-07 4.55123e-07 2.09479e-07 
76 2.04556e-07 4.61173e-07 2.16804e-07 
77 2.00843e-07 4.66754e-07 2.12223e-07 
78 1.96679e-07 4.69674e-07 2.08947e-07 
79 1.95415e-07 4.78021e-07 2.17156e-07 
80 1.94857e-07 4.85192e-07 2.27432e-07 
81 1.96342e-07 4.77575e-07 2.2206e-07 
82 1.98271e-07 4.80262e-07 2.16081e-07 
83 1.91787e-07 4.75579e-07 2.2509e-07 
84 1.97576e-07 4.78045e-07 2.31637e-07 
85 2.00956e-07 4.70485e-07 2.26142e-07 
86 2.04354e-07 4.72968e-07 2.20187e-07 
87 2.04755e-07 4.71222e-07 2.32149e-07 
88 2.10968e-07 4.73694e-07 2.38622e-07 
89 2.1423e-07 4.66166e-07 2.33106e-07 
90 2.17475e-07 4.68562e-07 2.27003e-07 
91 2.17866e-07 4.66807e-07 2.38804e-07 
92 2.23905e-07 4.69192e-07 2.45283e-07 
93 2.26914e-07 4.61711e-07 2.39728e-07 
94 2.29916e-07 4.64005e-07 2.33494e-07 
95 2.30159e-07 4.62225e-07 2.45117e-07 
96 2.34588e-07 4.64388e-07 2.51454e-07 
97 2.30636e-07 4.59873e-07 2.4281e-07 
98 2.26478e-07 4.59173e-07 2.39665e-07 
99 2.24987e-07 4.57468e-07 2.51109e-07 
100 2.24142e-07 4.56142e-07 2.63287e-07 
101 2.25236e-07 4.54106e-07 2.77384e-07 
102 2.26749e-07 4.51644e-07 2.81136e-07 
103 2.20432e-07 4.51658e-07 2.88124e-07 
104 2.25495e-07 4.48423e-07 3.00997e-07 
105 2.28401e-07 4.46502e-07 3.14424e-07 
106 2.3128e-07 4.43915e-07 3.17996e-07 
107 2.31357e-07 4.46785e-07 3.27633e-07 
108 2.36996e-07 4.43495e-07 3.40054e-07 
109 2.39777e-07 4.41518e-07 3.53093e-07 
110 2.42508e-07 4.38931e-07 3.56343e-07 
111 2.4257e-07 4.41703e-07 3.65649e-07 
112 2.48032e-07 4.38412e-07 3.7771e-07 
113 2.50574e-07 4.36394e-07 3.90349e-07 
114 2.53072e-07 4.33789e-07 3.93293e-07 
115 2.52981e-07 4.36449e-07 4.02246e-07 
116 2.56901e-07 4.33023e-07 4.13835e-07 
117 2.52823e-07 4.33889e-07 4.23354e-07 
118 2.4869e-07 4.2823e-07 4.28871e-07 
119 2.46799e-07 4.31024e-07 4.37451e-07 
120 2.45586e-07 4.38165e-07 4.49115e-07 
121 2.46406e-07 4.39616e-07 4.60274e-07 
122 2.47538e-07 4.4435e-07 4.65822e-07 
123 2.41216e-07 4.48253e-07 4.71166e-07 
124 2.45709e-07 4.53163e-07 4.79931e-07 
125 2.48108e-07 4.5442e-07 4.90442e-07 
126 2.50546e-07 4.58811e-07 4.95776e-07 
127 2.50258e-07 4.65285e-07 5.0362e-07 
128 2.55314e-07 4.69892e-07 5.11961e-07 
129 2.57587e-07 4.70946e-07 5.22086e-07 
130 2.59882e-07 4.75105e-07 5.27065e-07 
131 2.59576e-07 4.81335e-07 5.34573e-07 
132 2.6446e-07 4.8571e-07 5.42587e-07 
133 2.66501e-07 4.86576e-07 5.52316e-07 
134 2.68565e-07 4.90489e-07 5.56956e-07 
135 2.68114e-07 4.9646e-07 5.64108e-07 
136 2.71512e-07 5.00485e-07 5.71684e-07 
137 2.67294e-07 5.03952e-07 5.78444e-07 
138 2.62927e-07 5.0487e-07 5.85494e-07 
139 2.60909e-07 5.10664e-07 5.92251e-07 
140 2.59438e-07 5.17222e-07 6.02076e-07 
141 2.5986e-07 5.17721e-07 6.11306e-07 
142 2.60591e-07 5.21417e-07 6.15114e-07 
143 2.54293e-07 5.24236e-07 6.18829e-07 
144 2.58176e-07 5.28134e-07 6.2596e-07 
145 2.601e-07 5.28426e-07 6.34549e-07 
146 2.62063e-07 5.31782e-07 6.38136e-07 
147 2.61447e-07 5.37021e-07 6.44203e-07 
148 2.65887e-07 5.40613e-07 6.50911e-07 
149 2.67686e-07 5.40699e-07 6.59114e-07 
150 2.69508e-07 5.4382e-07 6.62346e-07 
151 2.68869e-07 5.48812e-07 6.68076e-07 
152 2.73139e-07 5.52167e-07 6.74458e-07 
153 2.74713e-07 5.52063e-07 6.82266e-07 
154 2.7631e-07 5.54934e-07 6.85157e-07 
155 2.75528e-07 5.59664e-07 6.90532e-07 
156 2.78387e-07 5.62674e-07 6.96481e-07 
157 2.74054e-07 5.65019e-07 7.01468e-07 
158 2.69572e-07 5.65041e-07 7.06622e-07 
159 2.67298e-07 5.69582e-07 7.11595e-07 
160 2.6557e-07 5.74787e-07 7.19653e-07 
161 2.65591e-07 5.74105e-07 7.2695e-07 
162 2.65923e-07 5.76544e-07 7.28977e-07 
163 2.59647e-07 5.78059e-07 7.31103e-07 
164 2.62921e-07 5.80689e-07 7.36604e-07 
165 2.64371e-07 5.79796e-07 7.43267e-07 
166 2.6586e-07 5.81907e-07 7.45067e-07 
167 2.64915e-07 5.85697e-07 7.49397e-07 
168 2.68738e-07 5.88028e-07 7.54475e-07 
169 2.70065e-07 5.86935e-07 7.60754e-07 
170 2.71414e-07 5.88813e-07 7.62198e-07 
171 2.70442e-07 5.92361e-07 7.66191e-07 
172 2.74097e-07 5.94459e-07 7.70942e-07 
173 2.75204e-07 5.93179e-07 7.76827e-07 
174 2.76334e-07 5.94812e-07 7.7793e-07 
175 2.75222e-07 5.98102e-07 7.81567e-07 
176 2.77542e-07 5.99865e-07 7.85893e-07 
177 2.73092e-07 6.00889e-07 7.89103e-07 
178 2.68496e-07 5.99826e-07 7.92322e-07 
179 2.65966e-07 6.02925e-07 7.9555e-07 
180 2.63971e-07 6.05351e-07 8.01665e-07 
181 2.63618e-07 5.9579e-07 8.04692e-07 
182 2.63529e-07 5.95159e-07 8.04939e-07 
183 2.57148e-07 5.88585e-07 8.08841e-07 
184 2.59941e-07 5.87144e-07 8.11698e-07 
185 2.60951e-07 5.77606e-07 8.14131e-07 
186 2.6193e-07 5.76805e-07 8.14147e-07 
187 2.60686e-07 5.72432e-07 8.20085e-07 
188 2.63862e-07 5.71002e-07 8.2251e-07 
189 2.64751e-07 5.61494e-07 8.24592e-07 
190 2.65594e-07 5.60607e-07 8.24251e-07 
191 2.64321e-07 5.5622e-07 8.29817e-07 
192 2.67329e-07 5.54703e-07 8.31918e-07 
193 2.68001e-07 5.45238e-07 8.3364e-07 
194 2.68632e-07 5.44252e-07 8.32954e-07 
195 2.67226e-07 5.3984e-07 8.38131e-07 
196 2.68969e-07 5.38135e-07 8.39816e-07 
197 2.64279e-07 5.309e-07 8.39032e-07 
198 2.59688e-07 5.27656e-07 8.40331e-07 
199 2.56931e-07 5.23285e-07 8.45058e-07 
200 2.54798e-07 5.19422e-07 8.50297e-07 
201 2.53895e-07 5.14076e-07 8.55072e-07 
202 2.53409e-07 5.09709e-07 8.51104e-07 
203 2.47211e-07 5.05702e-07 8.50078e-07 
204 2.49222e-07 5.00583e-07 8.54039e-07 
205 2.49757e-07 4.95318e-07 8.58166e-07 
206 2.50263e-07 4.90862e-07 8.53976e-07 
207 2.48699e-07 4.88973e-07 8.54858e-07 
208 2.51258e-07 4.83805e-07 8.58363e-07 
209 2.51671e-07 4.78483e-07 8.62092e-07 
210 2.52038e-07 4.74026e-07 8.57574e-07 
211 2.50432e-07 4.72036e-07 8.58115e-07 
212 2.52826e-07 4.66867e-07 8.61251e-07 
213 2.53032e-07 4.615e-07 8.64577e-07 
214 2.53194e-07 4.5703e-07 8.59742e-07 
215 2.51448e-07 4.54927e-07 8.59925e-07 
216 2.52673e-07 4.49657e-07 8.62616e-07 
217 2.48018e-07 4.46438e-07 8.63554e-07 
218 2.43312e-07 4.3965e-07 8.60545e-07 
219 2.40139e-07 4.37647e-07 8.60314e-07 
220 2.37634e-07 4.3954e-07 8.63148e-07 
221 2.36458e-07 4.37179e-07 8.64991e-07 
222 2.35591e-07 4.37361e-07 8.61953e-07 
223 2.29388e-07 4.36744e-07 8.59185e-07 
224 2.30831e-07 4.3714e-07 8.59854e-07 
225 2.30859e-07 4.3455e-07 8.6107e-07 
226 2.30924e-07 4.34424e-07 8.57776e-07 
227 2.28996e-07 4.35641e-07 8.56766e-07 
228 2.30973e-07 4.35739e-07 8.57007e-07 
229 2.30878e-07 4.32945e-07 8.57828e-07 
230 2.30807e-07 4.32588e-07 8.54173e-07 
231 2.28835e-07 4.33557e-07 8.52818e-07 
232 2.30649e-07 4.33423e-07 8.52723e-07 
233 2.30354e-07 4.30438e-07 8.53144e-07 
234 2.30081e-07 4.29838e-07 8.49139e-07 
235 2.27975e-07 4.30547e-07 8.47423e-07 
236 2.28677e-07 4.30099e-07 8.46918e-07 
237 2.23881e-07 4.28977e-07 8.451e-07 
238 2.1894e-07 4.26119e-07 8.42759e-07 
239 2.1564e-07 4.26618e-07 8.40608e-07 
240 2.12878e-07 4.27876e-07 8.41568e-07 
241 2.11302e-07 4.24557e-07 8.41435e-07 
242 2.10036e-07 4.23651e-07 8.36622e-07 
243 2.03857e-07 4.21948e-07 8.32196e-07 
244 2.04689e-07 4.21284e-07 8.31199e-07 
245 2.04243e-07 4.17724e-07 8.30445e-07 
246 2.03835e-07 4.16513e-07 8.2537e-07 
247 2.01577e-07 4.16493e-07 8.22555e-07 
248 2.02939e-07 4.15528e-07 8.21129e-07 
249 2.0237e-07 4.11761e-07 8.19982e-07 
250 2.01827e-07 4.10314e-07 8.14545e-07 
251 1.99521e-07 4.10044e-07 8.11384e-07 
252 2.00722e-07 4.08842e-07 8.09624e-07 
253 1.99958e-07 4.04881e-07 8.08077e-07 
254 1.99219e-07 4.03188e-07 8.02289e-07 
255 1.96782e-07 4.02655e-07 7.98767e-07 
256 1.96944e-07 4.01143e-07 7.96602e-07 
257 1.92033e-07 3.98894e-07 7.92965e-07 
258 1.86976e-07 3.9509e-07 7.88693e-07 
259 1.8342e-07 3.94333e-07 7.84729e-07 
260 1.80401e-07 3.94253e-07 7.8388e-07 
261 1.78425e-07 3.89807e-07 7.81779e-07 
262 1.76759e-07 3.87664e-07 7.75154e-07 
263 1.70603e-07 3.84712e-07 7.69106e-07 
264 1.70826e-07 3.82795e-07 7.66435e-07 
265 1.69907e-07 3.78104e-07 7.63721e-07 
266 1.69024e-07 3.75667e-07 7.56827e-07 
267 1.66438e-07 3.74253e-07 7.52243e-07 
268 1.67184e-07 3.72042e-07 7.49144e-07 
269 1.66142e-07 3.6715e-07 7.46037e-07 
270 1.65125e-07 3.64481e-07 7.38781e-07 
271 1.62486e-07 3.6282e-07 7.33849e-07 
272 1.63073e-07 3.60376e-07 7.30415e-07 
273 1.61842e-07 3.55293e-07 7.2691e-07 
274 1.60634e-07 3.52383e-07 7.19302e-07 
275 1.57867e-07 3.50464e-07 7.14009e-07 
276 1.5749e-07 3.47719e-07 7.10178e-07 
277 1.52462e-07 3.44203e-07 7.0473e-07 
278 1.47291e-07 3.39335e-07 6.98491e-07 
279 1.43479e-07 3.3719e-07 6.92749e-07 
280 1.40193e-07 3.34822e-07 6.89993e-07 
281 1.37844e-07 3.24134e-07 6.84427e-07 
282 1.35758e-07 3.19431e-07 6.75896e-07 
283 1.29498e-07 3.1103e-07 6.70769e-07 
284 1.29241e-07 3.05534e-07 6.65487e-07 
285 1.27882e-07 2.94834e-07 6.59348e-07 
286 1.2649e-07 2.89996e-07 6.50545e-07 
287 1.23606e-07 2.83059e-07 6.46713e-07 
288 1.23704e-07 2.77578e-07 6.40995e-07 
289 1.22224e-07 2.66908e-07 6.34496e-07 
290 1.20701e-07 2.61983e-07 6.25328e-07 
291 1.17762e-07 2.55029e-07 6.21115e-07 
292 1.177e-07 2.49461e-07 6.15064e-07 
293 1.16034e-07 2.3883e-07 6.08201e-07 
294 1.14327e-07 2.33811e-07 5.98678e-07 
295 1.11265e-07 2.2683e-07 5.9407e-07 
296 1.10311e-07 2.2111e-07 5.87631e-07 
297 1.05041e-07 2.11972e-07 5.78994e-07 
298 9.98755e-08 2.05431e-07 5.70708e-07 
299 9.58348e-08 1.98457e-07 5.65611e-07 
300 9.24122e-08 1.91987e-07 5.61023e-07 
301 8.95119e-08 1.83326e-07 5.55871e-07 
302 8.70271e-08 1.77046e-07 5.43699e-07 
303 8.09469e-08 1.69023e-07 5.34275e-07 
304 7.99078e-08 1.62032e-07 5.2888e-07 
305 7.80732e-08 1.53419e-07 5.23121e-07 
306 7.62097e-08 1.47083e-07 5.10699e-07 
307 7.30038e-08 1.40442e-07 5.02453e-07 
308 7.24824e-08 1.33406e-07 4.96619e-07 
309 7.05283e-08 1.24735e-07 4.90469e-07 
310 6.85308e-08 1.184e-07 4.77729e-07 
311 6.52591e-08 1.11653e-07 4.69146e-07 
312 6.45819e-08 1.04617e-07 4.6295e-07 
313 6.24493e-08 9.58967e-08 4.56407e-07 
314 6.02744e-08 8.95524e-08 4.43355e-07 
315 5.68755e-08 8.26929e-08 4.34423e-07 
316 5.54033e-08 7.55896e-08 4.27823e-07 
317 5.01709e-08 6.82814e-08 4.19634e-07 
318 4.48863e-08 6.03556e-08 4.07676e-07 
319 4.04333e-08 5.35613e-08 3.98309e-07 
320 3.66403e-08 5.02075e-08 3.91911e-07 
321 3.34667e-08 4.40335e-08 3.8393e-07 
322 3.0602e-08 3.96719e-08 3.71876e-07 
323 2.45178e-08 3.45362e-08 3.60708e-07 
324 2.29108e-08 3.04131e-08 3.52889e-07 
325 2.05704e-08 2.39756e-08 3.44322e-07 
326 1.82665e-08 1.93401e-08 3.31986e-07 
327 1.46967e-08 1.53021e-08 3.21845e-07 
328 1.35942e-08 1.08854e-08 3.13614e-07 
329 1.11317e-08 4.24401e-09 3.0466e-07 
330 8.69602e-09 -6.22586e-10 2.91972e-07 
331 5.05758e-09 -4.9122e-09 2.8149e-07 
332 3.80011e-09 -9.56111e-09 2.72931e-07 
333 1.16597e-09 -1.63978e-08 2.63587e-07 
334 -1.44406e-09 -2.15025e-08 2.50554e-07 
335 -5.20412e-09 -2.60524e-08 2.39721e-07 
336 -7.19969e-09 -3.09812e-08 2.30791e-07 
337 -1.25738e-08 -3.6691e-08 2.19951e-07 
338 -1.80936e-08 -4.3317e-08 2.07849e-07 
339 -2.26751e-08 -4.81123e-08 1.96559e-07 
340 -2.67251e-08 -5.21622e-08 1.88337e-07 
341 -3.02971e-08 -5.92984e-08 1.78414e-07 
342 -3.35614e-08 -6.47967e-08 1.64622e-07 
343 -3.96215e-08 -7.10237e-08 1.51845e-07 
344 -4.18383e-08 -7.62577e-08 1.42397e-07 
345 -4.46529e-08 -8.36701e-08 1.31895e-07 
346 -4.74302e-08 -8.94389e-08 1.17814e-07 
347 -5.13285e-08 -9.47188e-08 1.05918e-07 
348 -5.30463e-08 -1.0025e-07 9.60579e-08 
349 -5.59829e-08 -1.07869e-07 8.51693e-08 
350 -5.88913e-08 -1.13873e-07 7.07358e-08 
351 -6.28634e-08 -1.19408e-07 5.84974e-08 
352 -6.47344e-08 -1.25176e-07 4.83101e-08 
353 -6.78366e-08 -1.32994e-07 3.70326e-08 
354 -7.0914e-08 -1.39239e-07 2.22523e-08 
355 -7.50052e-08 -1.45037e-07 9.66249e-09 
356 -7.75404e-08 -1.51081e-07 -8.88562e-10 
357 -8.30299e-08 -1.57923e-07 -1.35143e-08 
358 -8.86662e-08 -1.65543e-07 -2.75107e-08 
359 -9.35033e-08 -1.716e-07 -4.0564e-08 
360 -9.78111e-08 -1.76974e-07 -5.05628e-08 
361 -1.01783e-07 -1.85183e-07 -6.24156e-08 
362 -1.05446e-07 -1.91903e-07 -7.79731e-08 
363 -1.11483e-07 -1.99325e-07 -9.23349e-08 
364 -1.14309e-07 -2.05796e-07 -1.03421e-07 
365 -1.17597e-07 -2.14284e-07 -1.15845e-07 
366 -1.20849e-07 -2.21264e-07 -1.31699e-07 
367 -1.25075e-07 -2.27884e-07 -1.45328e-07 
368 -1.27408e-07 -2.34644e-07 -1.56824e-07 
369 -1.30818e-07 -2.43334e-07 -1.69635e-07 
370 -1.342e-07 -2.50546e-07 -1.85841e-07 
371 -1.38505e-07 -2.57418e-07 -1.99813e-07 
372 -1.40991e-07 -2.64411e-07 -2.11637e-07 
373 -1.4456e-07 -2.73296e-07 -2.24836e-07 
374 -1.48106e-07 -2.80744e-07 -2.41389e-07 
375 -1.52528e-07 -2.87875e-07 -2.55713e-07 
376 -1.55603e-07 -2.95134e-07 -2.67894e-07 
377 -1.61209e-07 -3.03189e-07 -2.82294e-07 
378 -1.6696e-07 -3.11859e-07 -2.9821e-07 
379 -1.72053e-07 -3.1925e-07 -3.13005e-07 
380 -1.76627e-07 -3.26412e-07 -3.24809e-07 
381 -1.80971e-07 -3.38222e-07 -3.39269e-07 
382 -1.85055e-07 -3.4701e-07 -3.56759e-07 
383 -1.91195e-07 -3.57244e-07 -3.71003e-07 
384 -1.945e-07 -3.66784e-07 -3.84571e-07 
385 -1.98228e-07 -3.78641e-07 -3.99562e-07 
386 -2.01987e-07 -3.8753e-07 -4.17351e-07 
387 -2.06511e-07 -3.97037e-07 -4.3103e-07 
388 -2.09492e-07 -4.06557e-07 -4.45018e-07 
389 -2.1334e-07 -4.18384e-07 -4.60362e-07 
390 -2.1723e-07 -4.2736e-07 -4.78507e-07 
391 -2.21833e-07 -4.36889e-07 -4.92563e-07 
392 -2.24968e-07 -4.46495e-07 -5.06875e-07 
393 -2.28974e-07 -4.58288e-07 -5.22574e-07 
394 -2.33018e-07 -4.67353e-07 -5.41069e-07 
395 -2.37736e-07 -4.76909e-07 -5.5551e-07 
396 -2.41389e-07 -4.86634e-07 -5.70171e-07 
397 -2.47237e-07 -4.97671e-07 -5.86901e-07 
398 -2.52983e-07 -5.07521e-07 -6.04891e-07 
399 -2.58306e-07 -5.17105e-07 -6.19843e-07 
400 -2.63033e-07 -5.2625e-07 -6.34117e-07 
401 -2.67917e-07 -5.38157e-07 -6.49796e-07 
402 -2.72385e-07 -5.47099e-07 -6.69765e-07 
403 -2.78512e-07 -5.58314e-07 -6.91086e-07 
404 -2.82446e-07 -5.6732e-07 -7.09198e-07 
405 -2.86648e-07 -5.79214e-07 -7.25213e-07 
406 -2.9084e-07 -5.88177e-07 -7.45149e-07 
407 -2.95692e-07 -5.98746e-07 -7.65877e-07 
408 -2.9933e-07 -6.07794e-07 -7.8402e-07 
409 -3.03653e-07 -6.19745e-07 -8.00216e-07 
410 -3.07973e-07 -6.28707e-07 -8.20142e-07 
411 -3.12909e-07 -6.39386e-07 -8.40885e-07 
412 -3.16701e-07 -6.48433e-07 -8.59178e-07 
413 -3.21173e-07 -6.60438e-07 -8.75556e-07 
414 -3.25646e-07 -6.69404e-07 -8.95471e-07 
415 -3.30694e-07 -6.80196e-07 -9.16232e-07 
416 -3.34912e-07 -6.89276e-07 -9.34695e-07 
417 -3.40735e-07 -7.00605e-07 -9.51801e-07 
418 -3.46735e-07 -7.10416e-07 -9.71191e-07 
419 -3.52304e-07 -7.21177e-07 -9.91916e-07 
420 -3.57412e-07 -7.29822e-07 -1.01003e-06 
421 -3.62569e-07 -7.398e-07 -1.02729e-06 
422 -3.67416e-07 -7.48522e-07 -1.04726e-06 
423 -3.73546e-07 -7.58151e-07 -1.06787e-06 
424 -3.78047e-07 -7.67009e-07 -1.08662e-06 
425 -3.82754e-07 -7.77284e-07 -1.10419e-06 
426 -3.87386e-07 -7.86245e-07 -1.12417e-06 
427 -3.92601e-07 -7.95514e-07 -1.14433e-06 
428 -3.96819e-07 -8.0466e-07 -1.16308e-06 
429 -4.0165e-07 -8.15139e-07 -1.18083e-06 
430 -4.06409e-07 -8.24331e-07 -1.20083e-06 
431 -4.11712e-07 -8.33855e-07 -1.22102e-06 
432 -4.16084e-07 -8.43233e-07 -1.23988e-06 
433 -4.21059e-07 -8.53912e-07 -1.25781e-06 
434 -4.25968e-07 -8.63338e-07 -1.27784e-06 
435 -4.31378e-07 -8.73122e-07 -1.29804e-06 
436 -4.3612e-07 -8.82745e-07 -1.31704e-06 
437 -4.42086e-07 -8.93034e-07 -1.33555e-06 
438 -4.48321e-07 -9.03244e-07 -1.35521e-06 
439 -4.5402e-07 -9.13308e-07 -1.3754e-06 
440 -4.59385e-07 -9.22869e-07 -1.3942e-06 
441 -4.6494e-07 -9.33823e-07 -1.41235e-06 
442 -4.70186e-07 -9.43703e-07 -1.43244e-06 
443 -4.76292e-07 -9.54455e-07 -1.453e-06 
444 -4.81402e-07 -9.64465e-07 -1.47233e-06 
445 -4.86583e-07 -9.7573e-07 -1.49079e-06 
446 -4.91687e-07 -9.85846e-07 -1.51089e-06 
447 -4.9723e-07 -9.96387e-07 -1.53116e-06 
448 -5.02063e-07 -1.00669e-06 -1.55049e-06 
449 -5.07369e-07 -1.01816e-06 -1.56913e-06 
450 -5.12601e-07 -1.02851e-06 -1.58925e-06 
451 -5.18237e-07 -1.03931e-06 -1.60954e-06 
452 -5.23224e-07 -1.04985e-06 -1.62899e-06 
453 -5.28666e-07 -1.06153e-06 -1.6478e-06 
454 -5.34044e-07 -1.07212e-06 -1.66795e-06 
455 -5.39785e-07 -1.08318e-06 -1.68825e-06 
456 -5.45067e-07 -1.09396e-06 -1.70783e-06 
457 -5.51149e-07 -1.1054e-06 -1.72708e-06 
458 -5.57501e-07 -1.11662e-06 -1.74701e-06 
459 -5.63456e-07 -1.12798e-06 -1.76731e-06 
460 -5.69079e-07 -1.13886e-06 -1.78684e-06 
461 -5.75033e-07 -1.15084e-06 -1.80588e-06 
462 -5.80678e-07 -1.16192e-06 -1.82608e-06 
463 -5.8676e-07 -1.17384e-06 -1.84661e-06 
464 -5.92479e-07 -1.18504e-06 -1.86652e-06 
465 -5.98133e-07 -1.19734e-06 -1.88586e-06 
466 -6.03711e-07 -1.20864e-06 -1.90608e-06 
467 -6.09581e-07 -1.22049e-06 -1.92646e-06 
468 -6.1503e-07 -1.23199e-06 -1.94637e-06 
469 -6.20808e-07 -1.24448e-06 -1.96589e-06 
470 -6.26515e-07 -1.25602e-06 -1.98613e-06 
471 -6.32483e-07 -1.26813e-06 -2.00653e-06 
472 -6.38085e-07 -1.27985e-06 -2.02656e-06 
473 -6.43995e-07 -1.29255e-06 -2.04625e-06 
474 -6.49841e-07 -1.30432e-06 -2.06652e-06 
475 -6.55914e-07 -1.31669e-06 -2.08694e-06 
476 -6.61736e-07 -1.32864e-06 -2.1071e-06 
477 -6.67935e-07 -1.34125e-06 -2.12707e-06 
478 -6.74402e-07 -1.3535e-06 -2.14727e-06 
479 -6.80614e-07 -1.36616e-06 -2.16769e-06 
480 -6.86503e-07 -1.37834e-06 -2.18794e-06 
481 -6.92829e-07 -1.39134e-06 -2.20785e-06 
482 -6.98893e-07 -1.40407e-06 -2.22834e-06 
483 -7.05077e-07 -1.41697e-06 -2.24881e-06 
484 -7.11274e-07 -1.4298e-06 -2.26916e-06 
485 -7.17367e-07 -1.44288e-06 -2.28933e-06 
486 -7.23452e-07 -1.45568e-06 -2.30983e-06 
487 -7.29619e-07 -1.46858e-06 -2.33033e-06 
488 -7.35714e-07 -1.48139e-06 -2.35068e-06 
489 -7.41932e-07 -1.49445e-06 -2.371e-06 
490 -7.48146e-07 -1.50733e-06 -2.39153e-06 
491 -7.54413e-07 -1.52026e-06 -2.41208e-06 
492 -7.60663e-07 -1.53316e-06 -2.43255e-06 
493 -7.67011e-07 -1.54618e-06 -2.453e-06 
494 -7.73356e-07 -1.55915e-06 -2.47356e-06 
495 -7.79726e-07 -1.5721e-06 -2.49417e-06 
496 -7.86127e-07 -1.58509e-06 -2.51475e-06 
497 -7.92569e-07 -1.59809e-06 -2.53532e-06 
498 -7.99032e-07 -1.61111e-06 -2.55594e-06 
499 -8.05474e-07 -1.62412e-06 -2.57659e-06 
