time[s] cohesive[eV/atom] kinetic[eV/atom] total[eV/atom]
0 -0.0749393 0.038778 -0.0361613
1.06997e-14 -0.0748773 0.0387146 -0.0361627
2.13995e-14 -0.0746822 0.0385181 -0.0361641
3.20992e-14 -0.0743375 0.038171 -0.0361664
4.27989e-14 -0.0738156 0.0376459 -0.0361698
5.34987e-14 -0.0730786 0.0369046 -0.036174
6.41984e-14 -0.0720795 0.0359006 -0.0361789
7.48981e-14 -0.0707676 0.0345838 -0.0361838
8.55979e-14 -0.0690982 0.0329107 -0.0361876
9.62976e-14 -0.0670509 0.0308626 -0.0361883
1.06997e-13 -0.064656 0.0284722 -0.0361838
1.17697e-13 -0.0620242 0.0258515 -0.0361727
1.28397e-13 -0.059362 0.0232059 -0.0361561
1.39097e-13 -0.05695 0.0208114 -0.0361386
1.49796e-13 -0.0550701 0.0189432 -0.0361269
1.60496e-13 -0.0539096 0.0177844 -0.0361253
1.71196e-13 -0.0534987 0.0173655 -0.0361332
1.81895e-13 -0.0537169 0.0175705 -0.0361464
1.92595e-13 -0.0543566 0.0181967 -0.0361599
2.03295e-13 -0.0551969 0.0190264 -0.0361705
2.13995e-13 -0.0560549 0.0198777 -0.0361772
2.24694e-13 -0.0568071 0.0206269 -0.0361802
2.35394e-13 -0.0573886 0.0212081 -0.0361804
2.46094e-13 -0.0577809 0.021602 -0.0361789
2.56794e-13 -0.0579975 0.021821 -0.0361765
2.67493e-13 -0.0580691 0.0218951 -0.036174
2.78193e-13 -0.0580316 0.0218597 -0.0361719
2.88893e-13 -0.0579172 0.0217467 -0.0361705
2.99593e-13 -0.0577504 0.0215807 -0.0361697
3.10292e-13 -0.0575478 0.0213785 -0.0361693
3.20992e-13 -0.0573221 0.0211534 -0.0361687
3.31692e-13 -0.0570882 0.0209206 -0.0361676
3.42391e-13 -0.056868 0.0207018 -0.0361662
3.53091e-13 -0.056688 0.0205231 -0.0361649
3.63791e-13 -0.0565706 0.020406 -0.0361647
3.74491e-13 -0.0565232 0.0203577 -0.0361655
3.8519e-13 -0.0565354 0.0203685 -0.0361669
3.9589e-13 -0.0565874 0.0204193 -0.0361681
4.0659e-13 -0.0566604 0.0204916 -0.0361688
4.1729e-13 -0.0567414 0.0205722 -0.0361692
4.27989e-13 -0.0568211 0.0206516 -0.0361695
4.38689e-13 -0.0568914 0.0207216 -0.0361699
4.49389e-13 -0.056945 0.0207749 -0.0361701
4.60089e-13 -0.0569764 0.0208063 -0.0361701
4.70788e-13 -0.056984 0.0208144 -0.0361696
4.81488e-13 -0.0569726 0.0208037 -0.0361689
4.92188e-13 -0.0569514 0.0207831 -0.0361683
5.02887e-13 -0.0569293 0.0207613 -0.036168
5.13587e-13 -0.0569122 0.0207445 -0.0361678
5.24287e-13 -0.0569057 0.0207385 -0.0361672
5.34987e-13 -0.0569195 0.020753 -0.0361665
5.45686e-13 -0.0569652 0.0207989 -0.0361662
5.56386e-13 -0.0570476 0.0208807 -0.0361668
5.67086e-13 -0.0571586 0.0209906 -0.036168
5.77786e-13 -0.057282 0.0211132 -0.0361688
5.88485e-13 -0.0574032 0.021234 -0.0361692
5.99185e-13 -0.0575138 0.0213445 -0.0361692
6.09885e-13 -0.0576095 0.0214401 -0.0361693
6.20585e-13 -0.0576842 0.0215142 -0.0361701
6.31284e-13 -0.057724 0.0215527 -0.0361713
6.41984e-13 -0.0577093 0.0215372 -0.0361721
6.52684e-13 -0.0576282 0.0214565 -0.0361717
6.63383e-13 -0.0574869 0.0213167 -0.0361702
6.74083e-13 -0.0573085 0.0211402 -0.0361683
6.84783e-13 -0.0571235 0.0209566 -0.0361669
6.95483e-13 -0.056954 0.0207872 -0.0361668
7.06182e-13 -0.0568047 0.0206374 -0.0361673
7.16882e-13 -0.056671 0.0205034 -0.0361676
7.27582e-13 -0.0565497 0.0203818 -0.0361678
7.38282e-13 -0.0564395 0.0202716 -0.0361679
7.48981e-13 -0.0563438 0.0201768 -0.036167
7.59681e-13 -0.0562788 0.0201136 -0.0361653
7.70381e-13 -0.0562708 0.0201063 -0.0361645
7.81081e-13 -0.0563293 0.0201634 -0.0361659
7.9178e-13 -0.0564329 0.0202651 -0.0361678
8.0248e-13 -0.0565492 0.0203803 -0.0361689
8.1318e-13 -0.056654 0.0204841 -0.0361699
8.23879e-13 -0.0567264 0.0205553 -0.0361711
8.34579e-13 -0.0567437 0.0205717 -0.036172
8.45279e-13 -0.05669 0.0205178 -0.0361722
8.55979e-13 -0.0565625 0.0203908 -0.0361717
8.66678e-13 -0.0563714 0.0202008 -0.0361706
8.77378e-13 -0.0561375 0.0199685 -0.0361691
8.88078e-13 -0.0558911 0.0197238 -0.0361674
8.98778e-13 -0.0556637 0.0194972 -0.0361665
9.09477e-13 -0.055475 0.0193087 -0.0361663
9.20177e-13 -0.0553332 0.0191675 -0.0361657
9.30877e-13 -0.0552501 0.0190859 -0.0361642
9.41577e-13 -0.0552478 0.019085 -0.0361628
9.52276e-13 -0.0553442 0.0191813 -0.0361629
9.62976e-13 -0.0555351 0.0193705 -0.0361645
9.73676e-13 -0.0557923 0.0196252 -0.036167
9.84375e-13 -0.0560745 0.0199049 -0.0361695
9.95075e-13 -0.0563399 0.0201683 -0.0361716
1.00577e-12 -0.0565539 0.0203809 -0.036173
1.01647e-12 -0.0566929 0.0205193 -0.0361736
1.02717e-12 -0.0567482 0.0205752 -0.036173
1.03787e-12 -0.056729 0.0205575 -0.0361715
1.04857e-12 -0.0566587 0.020489 -0.0361697
1.05927e-12 -0.0565645 0.020396 -0.0361685
1.06997e-12 -0.0564657 0.0202976 -0.0361681
1.08067e-12 -0.0563697 0.0202015 -0.0361682
1.09137e-12 -0.0562776 0.0201096 -0.0361681
1.10207e-12 -0.0561942 0.020027 -0.0361672
1.11277e-12 -0.0561345 0.0199687 -0.0361658
1.12347e-12 -0.0561209 0.019956 -0.0361649
1.13417e-12 -0.0561664 0.0200008 -0.0361656
1.14487e-12 -0.0562592 0.0200914 -0.0361678
1.15557e-12 -0.0563662 0.0201962 -0.03617
1.16627e-12 -0.0564509 0.0202796 -0.0361713
1.17697e-12 -0.056491 0.02032 -0.036171
1.18767e-12 -0.056488 0.0203187 -0.0361693
1.19837e-12 -0.0564641 0.0202969 -0.0361671
1.20907e-12 -0.0564483 0.0202826 -0.0361657
1.21977e-12 -0.0564605 0.0202951 -0.0361654
1.23047e-12 -0.0565052 0.0203395 -0.0361657
1.24117e-12 -0.0565772 0.0204111 -0.0361661
1.25187e-12 -0.0566688 0.0205022 -0.0361665
1.26257e-12 -0.0567719 0.0206048 -0.036167
1.27327e-12 -0.0568782 0.0207108 -0.0361675
1.28397e-12 -0.0569809 0.020813 -0.0361679
1.29467e-12 -0.0570742 0.0209058 -0.0361684
1.30537e-12 -0.0571522 0.0209834 -0.0361688
1.31607e-12 -0.0572105 0.0210414 -0.0361691
1.32677e-12 -0.0572466 0.0210771 -0.0361694
1.33747e-12 -0.0572569 0.0210869 -0.0361701
1.34817e-12 -0.0572355 0.0210653 -0.0361703
1.35887e-12 -0.0571831 0.0210139 -0.0361692
1.36957e-12 -0.0571157 0.0209477 -0.036168
1.38027e-12 -0.0570511 0.0208832 -0.0361679
1.39097e-12 -0.0569905 0.020822 -0.0361685
1.40167e-12 -0.0569252 0.0207569 -0.0361684
1.41236e-12 -0.0568556 0.0206882 -0.0361674
1.42306e-12 -0.0567937 0.0206274 -0.0361663
1.43376e-12 -0.0567536 0.0205878 -0.0361658
1.44446e-12 -0.0567412 0.0205749 -0.0361663
1.45516e-12 -0.056749 0.0205816 -0.0361674
1.46586e-12 -0.05676 0.0205914 -0.0361686
1.47656e-12 -0.0567576 0.0205887 -0.036169
1.48726e-12 -0.0567366 0.0205683 -0.0361683
1.49796e-12 -0.0567077 0.020541 -0.0361667
1.50866e-12 -0.0566961 0.0205313 -0.0361648
1.51936e-12 -0.0567307 0.0205665 -0.0361642
1.53006e-12 -0.0568181 0.0206522 -0.0361659
1.54076e-12 -0.0569329 0.020765 -0.0361679
1.55146e-12 -0.0570425 0.0208737 -0.0361688
1.56216e-12 -0.0571291 0.02096 -0.0361691
1.57286e-12 -0.0571868 0.0210177 -0.0361691
1.58356e-12 -0.0572151 0.021046 -0.0361691
1.59426e-12 -0.0572154 0.0210464 -0.036169
1.60496e-12 -0.0571906 0.0210216 -0.036169
1.61566e-12 -0.0571429 0.0209737 -0.0361693
1.62636e-12 -0.0570708 0.020901 -0.0361698
1.63706e-12 -0.0569694 0.0207993 -0.0361702
1.64776e-12 -0.0568359 0.0206658 -0.03617
1.65846e-12 -0.056676 0.020507 -0.036169
1.66916e-12 -0.0565088 0.0203416 -0.0361672
1.67986e-12 -0.0563636 0.0201983 -0.0361653
1.69056e-12 -0.0562707 0.0201067 -0.036164
1.70126e-12 -0.0562504 0.0200864 -0.0361639
1.71196e-12 -0.0563023 0.020137 -0.0361653
1.72266e-12 -0.0564036 0.0202359 -0.0361676
1.73336e-12 -0.0565169 0.0203471 -0.0361698
1.74406e-12 -0.0566061 0.0204351 -0.036171
1.75476e-12 -0.056648 0.0204769 -0.0361711
1.76546e-12 -0.056637 0.0204666 -0.0361704
1.77616e-12 -0.0565812 0.020412 -0.0361692
1.78686e-12 -0.0564965 0.0203287 -0.0361678
1.79756e-12 -0.0564038 0.0202378 -0.0361661
1.80825e-12 -0.0563294 0.0201652 -0.0361642
1.81895e-12 -0.0563014 0.0201386 -0.0361628
1.82965e-12 -0.0563405 0.0201777 -0.0361627
1.84035e-12 -0.0564471 0.0202827 -0.0361644
1.85105e-12 -0.0565964 0.0204292 -0.0361672
1.86175e-12 -0.0567469 0.020577 -0.0361699
1.87245e-12 -0.0568584 0.0206869 -0.0361715
1.88315e-12 -0.0569068 0.0207349 -0.0361719
1.89385e-12 -0.0568874 0.0207162 -0.0361712
1.90455e-12 -0.0568117 0.0206417 -0.03617
1.91525e-12 -0.0567007 0.0205319 -0.0361689
1.92595e-12 -0.0565751 0.0204066 -0.0361684
1.93665e-12 -0.0564452 0.0202766 -0.0361686
1.94735e-12 -0.0563139 0.0201456 -0.0361683
1.95805e-12 -0.0561919 0.0200255 -0.0361664
1.96875e-12 -0.0561107 0.0199473 -0.0361634
1.97945e-12 -0.0561167 0.0199557 -0.0361609
1.99015e-12 -0.0562457 0.0200843 -0.0361613
2.00085e-12 -0.0564887 0.0203234 -0.0361653
2.01155e-12 -0.0567833 0.020613 -0.0361703
2.02225e-12 -0.0570497 0.0208765 -0.0361732
2.03295e-12 -0.0572355 0.0210621 -0.0361734
2.04365e-12 -0.0573285 0.0211566 -0.0361718
2.05435e-12 -0.0573452 0.0211755 -0.0361697
2.06505e-12 -0.0573125 0.0211445 -0.0361681
2.07575e-12 -0.0572526 0.0210854 -0.0361672
2.08645e-12 -0.0571776 0.0210107 -0.0361669
2.09715e-12 -0.0570918 0.0209251 -0.0361667
2.10785e-12 -0.0569976 0.0208312 -0.0361665
2.11855e-12 -0.0568991 0.0207331 -0.036166
2.12925e-12 -0.0568035 0.0206381 -0.0361655
2.13995e-12 -0.0567206 0.0205557 -0.0361649
2.15065e-12 -0.0566601 0.0204956 -0.0361645
2.16135e-12 -0.0566298 0.0204655 -0.0361643
2.17205e-12 -0.0566329 0.0204682 -0.0361647
2.18275e-12 -0.0566639 0.020498 -0.0361658
2.19345e-12 -0.0567065 0.020539 -0.0361675
2.20415e-12 -0.0567369 0.0205679 -0.0361691
2.21484e-12 -0.0567326 0.0205626 -0.03617
2.22554e-12 -0.0566812 0.0205113 -0.0361699
2.23624e-12 -0.0565868 0.020418 -0.0361689
2.24694e-12 -0.0564688 0.0203015 -0.0361674
2.25764e-12 -0.0563529 0.0201867 -0.0361661
2.26834e-12 -0.0562604 0.020095 -0.0361654
2.27904e-12 -0.0562054 0.0200407 -0.0361647
2.28974e-12 -0.0561981 0.0200339 -0.0361642
2.30044e-12 -0.0562439 0.0200794 -0.0361645
2.31114e-12 -0.0563356 0.0201696 -0.0361659
2.32184e-12 -0.0564505 0.0202827 -0.0361678
2.33254e-12 -0.0565594 0.0203903 -0.0361691
2.34324e-12 -0.0566429 0.020474 -0.036169
2.35394e-12 -0.0567025 0.0205349 -0.0361676
2.36464e-12 -0.056757 0.0205906 -0.0361663
2.37534e-12 -0.0568234 0.0206567 -0.0361667
2.38604e-12 -0.0568962 0.0207277 -0.0361686
2.39674e-12 -0.0569474 0.0207767 -0.0361707
2.40744e-12 -0.0569446 0.0207727 -0.0361719
2.41814e-12 -0.0568695 0.0206978 -0.0361717
2.42884e-12 -0.056726 0.020556 -0.03617
2.43954e-12 -0.0565418 0.0203745 -0.0361672
2.45024e-12 -0.05636 0.0201954 -0.0361647
2.46094e-12 -0.0562217 0.0200583 -0.0361634
2.47164e-12 -0.0561488 0.019985 -0.0361637
2.48234e-12 -0.0561389 0.0199738 -0.0361651
2.49304e-12 -0.0561737 0.0200071 -0.0361665
2.50374e-12 -0.0562318 0.0200644 -0.0361674
2.51444e-12 -0.0562988 0.0201311 -0.0361677
2.52514e-12 -0.0563676 0.0201999 -0.0361677
2.53584e-12 -0.056436 0.0202685 -0.0361675
2.54654e-12 -0.0565037 0.0203362 -0.0361674
2.55724e-12 -0.0565678 0.0204 -0.0361678
2.56794e-12 -0.0566211 0.020453 -0.0361681
2.57864e-12 -0.0566571 0.0204893 -0.0361679
2.58934e-12 -0.0566793 0.0205126 -0.0361667
2.60004e-12 -0.0567043 0.020539 -0.0361653
2.61073e-12 -0.056752 0.0205872 -0.0361648
2.62143e-12 -0.0568287 0.0206629 -0.0361657
2.63213e-12 -0.0569211 0.0207539 -0.0361671
2.64283e-12 -0.0570089 0.020841 -0.0361678
2.65353e-12 -0.0570811 0.0209135 -0.0361676
2.66423e-12 -0.0571386 0.0209711 -0.0361674
2.67493e-12 -0.0571822 0.0210141 -0.036168
2.68563e-12 -0.0572032 0.0210339 -0.0361693
2.69633e-12 -0.0571846 0.021014 -0.0361706
2.70703e-12 -0.0571097 0.0209382 -0.0361715
2.71773e-12 -0.0569704 0.0207989 -0.0361716
2.72843e-12 -0.0567716 0.0206009 -0.0361707
2.73913e-12 -0.0565336 0.020365 -0.0361686
2.74983e-12 -0.0562943 0.0201285 -0.0361658
2.76053e-12 -0.0560992 0.0199349 -0.0361643
2.77123e-12 -0.055974 0.0198086 -0.0361654
2.78193e-12 -0.0559074 0.0197396 -0.0361678
2.79263e-12 -0.0558676 0.0196982 -0.0361694
2.80333e-12 -0.0558321 0.0196623 -0.0361698
2.81403e-12 -0.0557936 0.0196235 -0.03617
2.82473e-12 -0.0557495 0.0195796 -0.0361699
2.83543e-12 -0.0557035 0.0195346 -0.0361689
2.84613e-12 -0.0556718 0.0195045 -0.0361673
2.85683e-12 -0.055678 0.0195119 -0.0361661
2.86753e-12 -0.0557385 0.0195722 -0.0361663
2.87823e-12 -0.0558468 0.0196785 -0.0361683
2.88893e-12 -0.0559707 0.0198003 -0.0361704
2.89963e-12 -0.0560745 0.0199036 -0.036171
2.91033e-12 -0.0561433 0.0199733 -0.0361699
2.92103e-12 -0.0561857 0.0200172 -0.0361685
2.93173e-12 -0.0562191 0.0200515 -0.0361676
2.94243e-12 -0.0562537 0.020086 -0.0361678
2.95313e-12 -0.0562871 0.0201186 -0.0361684
2.96383e-12 -0.0563102 0.0201412 -0.036169
2.97453e-12 -0.0563169 0.020148 -0.0361688
2.98523e-12 -0.0563108 0.0201427 -0.036168
2.99593e-12 -0.0563049 0.0201378 -0.036167
3.00663e-12 -0.0563142 0.0201477 -0.0361665
3.01732e-12 -0.0563462 0.0201796 -0.0361666
3.02802e-12 -0.0563991 0.0202324 -0.0361668
3.03872e-12 -0.056469 0.0203022 -0.0361667
3.04942e-12 -0.0565534 0.0203868 -0.0361667
3.06012e-12 -0.0566499 0.0204828 -0.0361671
3.07082e-12 -0.0567485 0.0205803 -0.0361682
3.08152e-12 -0.0568299 0.0206603 -0.0361696
3.09222e-12 -0.0568727 0.0207026 -0.0361701
3.10292e-12 -0.0568667 0.0206971 -0.0361697
3.11362e-12 -0.0568163 0.0206474 -0.0361689
3.12432e-12 -0.0567325 0.0205642 -0.0361682
3.13502e-12 -0.0566275 0.02046 -0.0361674
3.14572e-12 -0.0565164 0.0203502 -0.0361662
3.15642e-12 -0.0564202 0.0202553 -0.036165
3.16712e-12 -0.0563596 0.0201949 -0.0361647
3.17782e-12 -0.0563403 0.0201748 -0.0361655
3.18852e-12 -0.0563525 0.0201862 -0.0361663
3.19922e-12 -0.0563859 0.0202198 -0.0361661
3.20992e-12 -0.0564423 0.020277 -0.0361654
3.22062e-12 -0.0565293 0.0203641 -0.0361652
3.23132e-12 -0.0566464 0.0204802 -0.0361662
3.24202e-12 -0.0567774 0.0206095 -0.036168
3.25272e-12 -0.0568942 0.0207246 -0.0361696
3.26342e-12 -0.0569715 0.0208013 -0.0361701
3.27412e-12 -0.0569998 0.0208303 -0.0361695
3.28482e-12 -0.0569866 0.0208181 -0.0361685
3.29552e-12 -0.0569462 0.0207783 -0.0361679
3.30622e-12 -0.0568889 0.0207211 -0.0361678
3.31692e-12 -0.0568185 0.0206507 -0.0361678
3.32762e-12 -0.056738 0.0205706 -0.0361673
3.33832e-12 -0.0566576 0.0204912 -0.0361664
3.34902e-12 -0.0565926 0.0204266 -0.036166
3.35972e-12 -0.05655 0.0203833 -0.0361667
3.37042e-12 -0.056521 0.0203533 -0.0361677
3.38112e-12 -0.0564914 0.0203231 -0.0361683
3.39182e-12 -0.0564514 0.0202827 -0.0361687
3.40252e-12 -0.0563956 0.0202264 -0.0361692
3.41322e-12 -0.0563174 0.0201475 -0.0361699
3.42391e-12 -0.0562084 0.0200381 -0.0361703
3.43461e-12 -0.0560658 0.0198961 -0.0361696
3.44531e-12 -0.055902 0.0197343 -0.0361677
3.45601e-12 -0.0557481 0.0195829 -0.0361652
3.46671e-12 -0.0556436 0.0194804 -0.0361632
3.47741e-12 -0.0556184 0.0194554 -0.036163
3.48811e-12 -0.0556766 0.0195122 -0.0361644
3.49881e-12 -0.0557971 0.0196305 -0.0361666
3.50951e-12 -0.0559459 0.0197774 -0.0361685
3.52021e-12 -0.0560919 0.0199222 -0.0361697
3.53091e-12 -0.0562151 0.0200451 -0.03617
3.54161e-12 -0.0563082 0.0201385 -0.0361697
3.55231e-12 -0.0563731 0.0202038 -0.0361694
3.56301e-12 -0.0564134 0.0202441 -0.0361693
3.57371e-12 -0.0564303 0.020261 -0.0361693
3.58441e-12 -0.0564255 0.0202566 -0.0361689
3.59511e-12 -0.0564088 0.0202413 -0.0361675
3.60581e-12 -0.0564053 0.02024 -0.0361653
3.61651e-12 -0.0564486 0.0202845 -0.0361642
3.62721e-12 -0.0565555 0.0203903 -0.0361652
3.63791e-12 -0.0567105 0.0205433 -0.0361672
3.64861e-12 -0.0568816 0.0207128 -0.0361688
3.65931e-12 -0.0570409 0.0208712 -0.0361698
3.67001e-12 -0.0571692 0.0209987 -0.0361705
3.68071e-12 -0.0572531 0.0210823 -0.0361708
3.69141e-12 -0.0572861 0.0211154 -0.0361707
3.70211e-12 -0.0572691 0.0210989 -0.0361703
3.71281e-12 -0.0572113 0.0210423 -0.036169
3.72351e-12 -0.0571337 0.0209665 -0.0361672
3.73421e-12 -0.0570624 0.0208958 -0.0361666
3.74491e-12 -0.0570069 0.0208391 -0.0361678
3.75561e-12 -0.0569515 0.0207819 -0.0361696
3.76631e-12 -0.0568702 0.0206991 -0.0361711
3.77701e-12 -0.0567416 0.02057 -0.0361716
3.78771e-12 -0.0565603 0.0203896 -0.0361706
3.79841e-12 -0.0563446 0.0201764 -0.0361682
3.80911e-12 -0.056134 0.0199685 -0.0361655
3.8198e-12 -0.0559707 0.0198067 -0.036164
3.8305e-12 -0.0558801 0.0197162 -0.0361639
3.8412e-12 -0.0558653 0.0197004 -0.0361649
3.8519e-12 -0.0559137 0.0197477 -0.036166
3.8626e-12 -0.056009 0.0198423 -0.0361667
3.8733e-12 -0.0561362 0.0199681 -0.0361681
3.884e-12 -0.0562712 0.0201009 -0.0361703
3.8947e-12 -0.0563778 0.0202056 -0.0361722
3.9054e-12 -0.056425 0.0202522 -0.0361728
3.9161e-12 -0.0564002 0.0202275 -0.0361726
3.9268e-12 -0.0563064 0.0201346 -0.0361718
3.9375e-12 -0.0561593 0.0199891 -0.0361702
3.9482e-12 -0.0559884 0.0198207 -0.0361677
3.9589e-12 -0.0558358 0.0196706 -0.0361651
3.9696e-12 -0.0557429 0.0195791 -0.0361639
3.9803e-12 -0.0557311 0.0195664 -0.0361647
3.991e-12 -0.0557906 0.019624 -0.0361667
4.0017e-12 -0.0558928 0.0197243 -0.0361685
4.0124e-12 -0.0560088 0.0198391 -0.0361697
4.0231e-12 -0.0561192 0.019949 -0.0361703
4.0338e-12 -0.0562137 0.0200436 -0.0361701
4.0445e-12 -0.0562941 0.0201252 -0.0361689
4.0552e-12 -0.0563769 0.0202097 -0.0361672
4.0659e-12 -0.0564842 0.020318 -0.0361662
4.0766e-12 -0.0566285 0.0204621 -0.0361663
4.0873e-12 -0.0568047 0.0206374 -0.0361673
4.098e-12 -0.0569956 0.0208274 -0.0361682
4.1087e-12 -0.0571842 0.0210158 -0.0361684
4.1194e-12 -0.0573621 0.0211938 -0.0361684
4.1301e-12 -0.0575233 0.0213541 -0.0361692
4.1408e-12 -0.0576499 0.021479 -0.0361709
4.1515e-12 -0.0577144 0.0215424 -0.036172
4.1622e-12 -0.0576985 0.0215269 -0.0361716
4.1729e-12 -0.0576075 0.0214377 -0.0361698
4.1836e-12 -0.0574687 0.0213013 -0.0361675
4.1943e-12 -0.0573198 0.0211544 -0.0361654
4.205e-12 -0.0571943 0.0210299 -0.0361644
4.2157e-12 -0.0571099 0.020945 -0.0361649
4.22639e-12 -0.0570613 0.0208944 -0.0361669
4.23709e-12 -0.0570219 0.0208525 -0.0361694
4.24779e-12 -0.0569559 0.0207845 -0.0361713
4.25849e-12 -0.0568371 0.0206656 -0.0361715
4.26919e-12 -0.0566645 0.0204946 -0.03617
4.27989e-12 -0.0564622 0.0202943 -0.0361679
4.29059e-12 -0.0562619 0.0200953 -0.0361666
4.30129e-12 -0.0560839 0.0199174 -0.0361665
4.31199e-12 -0.055933 0.0197665 -0.0361665
4.32269e-12 -0.0558109 0.019645 -0.0361659
4.33339e-12 -0.0557282 0.0195638 -0.0361644
4.34409e-12 -0.0557063 0.0195433 -0.0361629
4.35479e-12 -0.0557652 0.0196026 -0.0361626
4.36549e-12 -0.0559081 0.0197445 -0.0361636
4.37619e-12 -0.0561168 0.0199513 -0.0361656
4.38689e-12 -0.0563583 0.0201905 -0.0361678
4.39759e-12 -0.0565946 0.020425 -0.0361696
4.40829e-12 -0.0567929 0.0206221 -0.0361708
4.41899e-12 -0.0569323 0.0207613 -0.036171
4.42969e-12 -0.057006 0.0208352 -0.0361708
4.44039e-12 -0.0570159 0.0208452 -0.0361707
4.45109e-12 -0.0569661 0.0207956 -0.0361705
4.46179e-12 -0.0568621 0.020692 -0.03617
4.47249e-12 -0.0567166 0.0205481 -0.0361685
4.48319e-12 -0.0565576 0.0203917 -0.0361659
4.49389e-12 -0.0564267 0.0202635 -0.0361633
4.50459e-12 -0.0563634 0.0202011 -0.0361622
4.51529e-12 -0.0563834 0.0202201 -0.0361633
4.52599e-12 -0.0564712 0.0203055 -0.0361657
4.53669e-12 -0.0565901 0.0204219 -0.0361683
4.54739e-12 -0.0566998 0.0205297 -0.0361701
4.55809e-12 -0.05677 0.020599 -0.036171
4.56879e-12 -0.0567859 0.0206151 -0.0361708
4.57949e-12 -0.0567482 0.0205783 -0.0361699
4.59019e-12 -0.0566699 0.0205013 -0.0361686
4.60089e-12 -0.0565714 0.0204043 -0.0361672
4.61159e-12 -0.0564753 0.0203094 -0.036166
4.62228e-12 -0.0564004 0.0202351 -0.0361653
4.63298e-12 -0.0563577 0.0201924 -0.0361653
4.64368e-12 -0.0563484 0.0201827 -0.0361657
4.65438e-12 -0.0563672 0.0202009 -0.0361662
4.66508e-12 -0.056407 0.0202404 -0.0361666
4.67578e-12 -0.0564629 0.0202961 -0.0361668
4.68648e-12 -0.0565307 0.0203635 -0.0361672
4.69718e-12 -0.0566036 0.0204358 -0.0361678
4.70788e-12 -0.056672 0.0205036 -0.0361683
4.71858e-12 -0.0567265 0.0205579 -0.0361686
4.72928e-12 -0.0567633 0.020595 -0.0361683
4.73998e-12 -0.056786 0.0206183 -0.0361677
4.75068e-12 -0.0568027 0.0206355 -0.0361672
4.76138e-12 -0.05682 0.0206532 -0.0361668
4.77208e-12 -0.0568417 0.0206752 -0.0361665
4.78278e-12 -0.0568701 0.0207037 -0.0361665
4.79348e-12 -0.0569035 0.0207365 -0.036167
4.80418e-12 -0.0569308 0.0207628 -0.0361681
4.81488e-12 -0.056935 0.0207661 -0.0361689
4.82558e-12 -0.0569021 0.020733 -0.0361691
4.83628e-12 -0.0568291 0.0206606 -0.0361685
4.84698e-12 -0.0567246 0.0205569 -0.0361676
4.85768e-12 -0.0566029 0.020436 -0.0361669
4.86838e-12 -0.0564767 0.0203099 -0.0361668
4.87908e-12 -0.0563513 0.0201842 -0.0361671
4.88978e-12 -0.0562257 0.0200581 -0.0361675
4.90048e-12 -0.0560972 0.0199295 -0.0361677
4.91118e-12 -0.0559662 0.0197986 -0.0361676
4.92188e-12 -0.0558386 0.0196716 -0.036167
4.93258e-12 -0.0557259 0.0195597 -0.0361662
4.94328e-12 -0.0556424 0.0194769 -0.0361655
4.95398e-12 -0.0556021 0.019437 -0.036165
4.96468e-12 -0.0556144 0.0194494 -0.0361651
4.97538e-12 -0.0556807 0.0195148 -0.0361659
4.98608e-12 -0.055789 0.0196214 -0.0361676
4.99678e-12 -0.0559131 0.0197433 -0.0361698
5.00748e-12 -0.0560193 0.0198477 -0.0361716
5.01818e-12 -0.0560798 0.0199074 -0.0361724
5.02887e-12 -0.0560811 0.0199088 -0.0361723
5.03957e-12 -0.0560248 0.0198533 -0.0361714
5.05027e-12 -0.0559256 0.0197558 -0.0361698
5.06097e-12 -0.0558116 0.0196442 -0.0361674
5.07167e-12 -0.0557225 0.0195578 -0.0361647
5.08237e-12 -0.0556995 0.0195364 -0.0361631
5.09307e-12 -0.0557642 0.0196003 -0.036164
5.10377e-12 -0.0559019 0.0197353 -0.0361666
5.11447e-12 -0.0560701 0.0199009 -0.0361691
5.12517e-12 -0.0562256 0.0200552 -0.0361703
5.13587e-12 -0.0563441 0.020174 -0.0361701
5.14657e-12 -0.0564228 0.0202538 -0.0361691
5.15727e-12 -0.0564728 0.0203048 -0.036168
5.16797e-12 -0.0565081 0.0203409 -0.0361672
5.17867e-12 -0.05654 0.0203733 -0.0361667
5.18937e-12 -0.0565754 0.020409 -0.0361665
5.20007e-12 -0.056617 0.0204503 -0.0361667
5.21077e-12 -0.0566615 0.0204942 -0.0361673
5.22147e-12 -0.0566989 0.0205307 -0.0361682
5.23217e-12 -0.0567163 0.0205475 -0.0361688
5.24287e-12 -0.0567057 0.0205371 -0.0361686
5.25357e-12 -0.0566692 0.0205013 -0.0361679
5.26427e-12 -0.056618 0.0204509 -0.0361671
5.27497e-12 -0.0565656 0.0203992 -0.0361665
5.28567e-12 -0.0565228 0.0203567 -0.0361661
5.29637e-12 -0.0564977 0.0203322 -0.0361656
5.30707e-12 -0.0565005 0.0203354 -0.036165
5.31777e-12 -0.0565395 0.020374 -0.0361655
5.32847e-12 -0.0566096 0.0204425 -0.0361671
5.33917e-12 -0.0566888 0.02052 -0.0361688
5.34987e-12 -0.0567547 0.0205856 -0.0361691
5.36057e-12 -0.0568041 0.0206362 -0.0361679
5.37127e-12 -0.0568534 0.0206869 -0.0361665
5.38197e-12 -0.0569233 0.0207575 -0.0361658
5.39267e-12 -0.0570229 0.0208567 -0.0361662
5.40337e-12 -0.0571435 0.0209758 -0.0361677
5.41407e-12 -0.0572599 0.0210903 -0.0361696
5.42476e-12 -0.0573406 0.0211694 -0.0361712
5.43546e-12 -0.0573584 0.0211864 -0.036172
5.44616e-12 -0.0572988 0.0211269 -0.0361719
5.45686e-12 -0.0571634 0.0209925 -0.0361709
5.46756e-12 -0.0569686 0.0207992 -0.0361695
5.47826e-12 -0.0567374 0.0205688 -0.0361685
5.48896e-12 -0.0564874 0.0203193 -0.0361681
5.49966e-12 -0.0562299 0.0200623 -0.0361677
5.51036e-12 -0.0559773 0.0198107 -0.0361666
5.52106e-12 -0.0557492 0.0195839 -0.0361653
5.53176e-12 -0.0555689 0.0194047 -0.0361642
5.54246e-12 -0.055455 0.0192911 -0.0361638
5.55316e-12 -0.0554159 0.019252 -0.0361639
5.56386e-12 -0.0554512 0.0192867 -0.0361644
5.57456e-12 -0.055552 0.0193866 -0.0361655
5.58526e-12 -0.0556995 0.0195323 -0.0361672
5.59596e-12 -0.0558648 0.0196959 -0.0361689
5.60666e-12 -0.056018 0.019848 -0.03617
5.61736e-12 -0.0561389 0.0199688 -0.0361701
5.62806e-12 -0.0562225 0.0200533 -0.0361692
5.63876e-12 -0.056278 0.0201102 -0.0361678
5.64946e-12 -0.0563233 0.020157 -0.0361664
5.66016e-12 -0.0563779 0.0202125 -0.0361654
5.67086e-12 -0.0564538 0.0202884 -0.0361654
5.68156e-12 -0.0565488 0.0203824 -0.0361664
5.69226e-12 -0.056647 0.020479 -0.0361679
5.70296e-12 -0.0567255 0.0205562 -0.0361692
5.71366e-12 -0.0567654 0.0205957 -0.0361697
5.72436e-12 -0.0567601 0.0205909 -0.0361692
5.73506e-12 -0.0567185 0.0205503 -0.0361681
5.74576e-12 -0.0566585 0.0204913 -0.0361672
5.75646e-12 -0.0565971 0.0204304 -0.0361667
5.76716e-12 -0.0565442 0.0203777 -0.0361666
5.77786e-12 -0.0565037 0.020337 -0.0361667
5.78856e-12 -0.0564736 0.0203062 -0.0361674
5.79926e-12 -0.0564437 0.0202753 -0.0361684
5.80996e-12 -0.0563989 0.02023 -0.0361689
5.82066e-12 -0.0563319 0.0201638 -0.0361681
5.83135e-12 -0.056253 0.0200867 -0.0361663
5.84205e-12 -0.0561864 0.0200217 -0.0361647
5.85275e-12 -0.0561545 0.0199902 -0.0361643
5.86345e-12 -0.0561627 0.0199975 -0.0361652
5.87415e-12 -0.0561963 0.0200295 -0.0361669
5.88485e-12 -0.056231 0.0200628 -0.0361681
5.89555e-12 -0.056248 0.0200797 -0.0361683
5.90625e-12 -0.0562437 0.0200759 -0.0361678
5.91695e-12 -0.0562256 0.0200583 -0.0361673
5.92765e-12 -0.0562026 0.0200355 -0.036167
5.93835e-12 -0.0561816 0.020015 -0.0361666
5.94905e-12 -0.0561718 0.020006 -0.0361658
5.95975e-12 -0.0561866 0.0200214 -0.0361651
5.97045e-12 -0.0562371 0.020072 -0.0361651
5.98115e-12 -0.0563237 0.0201577 -0.036166
5.99185e-12 -0.056434 0.020267 -0.036167
6.00255e-12 -0.0565509 0.020383 -0.0361679
6.01325e-12 -0.0566584 0.0204897 -0.0361688
6.02395e-12 -0.0567407 0.0205708 -0.0361698
6.03465e-12 -0.0567798 0.0206092 -0.0361706
6.04535e-12 -0.0567627 0.0205922 -0.0361705
6.05605e-12 -0.0566905 0.0205212 -0.0361693
6.06675e-12 -0.0565824 0.0204152 -0.0361672
6.07745e-12 -0.0564698 0.0203045 -0.0361653
6.08815e-12 -0.0563808 0.020216 -0.0361648
6.09885e-12 -0.0563252 0.0201594 -0.0361658
6.10955e-12 -0.0562915 0.0201241 -0.0361674
6.12025e-12 -0.0562592 0.0200907 -0.0361685
6.13095e-12 -0.0562159 0.0200477 -0.0361682
6.14165e-12 -0.0561694 0.0200029 -0.0361664
6.15235e-12 -0.0561483 0.0199844 -0.036164
6.16305e-12 -0.056191 0.0200291 -0.0361619
6.17375e-12 -0.0563266 0.020165 -0.0361616
6.18445e-12 -0.0565563 0.0203928 -0.0361635
6.19515e-12 -0.0568473 0.0206807 -0.0361666
6.20585e-12 -0.0571469 0.0209775 -0.0361695
6.21655e-12 -0.0574048 0.0212336 -0.0361713
6.22724e-12 -0.0575867 0.0214145 -0.0361722
6.23794e-12 -0.0576733 0.0215007 -0.0361726
6.24864e-12 -0.0576558 0.021483 -0.0361728
6.25934e-12 -0.0575322 0.0213597 -0.0361725
6.27004e-12 -0.0573102 0.0211385 -0.0361716
6.28074e-12 -0.0570089 0.0208389 -0.03617
6.29144e-12 -0.0566606 0.020493 -0.0361676
6.30214e-12 -0.0563083 0.0201433 -0.036165
6.31284e-12 -0.055998 0.019835 -0.036163
6.32354e-12 -0.0557656 0.0196034 -0.0361622
6.33424e-12 -0.0556269 0.0194643 -0.0361626
6.34494e-12 -0.0555779 0.0194143 -0.0361636
6.35564e-12 -0.0556031 0.0194384 -0.0361647
6.36634e-12 -0.0556839 0.0195183 -0.0361656
6.37704e-12 -0.0558026 0.0196362 -0.0361664
6.38774e-12 -0.055942 0.0197749 -0.0361671
6.39844e-12 -0.0560863 0.0199187 -0.0361676
6.40914e-12 -0.0562234 0.0200556 -0.0361678
6.41984e-12 -0.056346 0.0201782 -0.0361678
6.43054e-12 -0.0564506 0.0202829 -0.0361677
6.44124e-12 -0.0565368 0.0203695 -0.0361673
6.45194e-12 -0.0566095 0.020443 -0.0361665
6.46264e-12 -0.0566809 0.0205156 -0.0361653
6.47334e-12 -0.056768 0.0206037 -0.0361643
6.48404e-12 -0.0568845 0.0207203 -0.0361642
6.49474e-12 -0.0570312 0.0208659 -0.0361653
6.50544e-12 -0.057191 0.0210236 -0.0361674
6.51614e-12 -0.0573338 0.0211642 -0.0361696
6.52684e-12 -0.0574272 0.0212561 -0.0361711
6.53754e-12 -0.0574509 0.0212798 -0.0361711
6.54824e-12 -0.0574076 0.0212382 -0.0361694
6.55894e-12 -0.0573234 0.0211563 -0.0361672
6.56964e-12 -0.0572325 0.0210668 -0.0361657
6.58034e-12 -0.0571574 0.0209919 -0.0361655
6.59104e-12 -0.0571027 0.0209369 -0.0361658
6.60174e-12 -0.057065 0.0208992 -0.0361658
6.61244e-12 -0.0570429 0.0208772 -0.0361657
6.62314e-12 -0.0570351 0.0208689 -0.0361662
6.63383e-12 -0.0570333 0.0208662 -0.0361671
6.64453e-12 -0.0570226 0.0208545 -0.0361681
6.65523e-12 -0.0569887 0.0208201 -0.0361686
6.66593e-12 -0.0569255 0.0207574 -0.0361681
6.67663e-12 -0.0568408 0.0206741 -0.0361667
6.68733e-12 -0.0567571 0.0205924 -0.0361647
6.69803e-12 -0.0567054 0.0205424 -0.0361631
6.70873e-12 -0.0567095 0.0205465 -0.036163
6.71943e-12 -0.0567693 0.0206047 -0.0361646
6.73013e-12 -0.0568602 0.0206934 -0.0361668
6.74083e-12 -0.0569484 0.0207801 -0.0361683
6.75153e-12 -0.0570088 0.02084 -0.0361688
6.76223e-12 -0.057033 0.0208647 -0.0361683
6.77293e-12 -0.0570285 0.0208611 -0.0361674
6.78363e-12 -0.0570091 0.0208422 -0.0361669
6.79433e-12 -0.0569836 0.0208164 -0.0361672
6.80503e-12 -0.0569503 0.0207826 -0.0361678
6.81573e-12 -0.0569038 0.0207357 -0.0361682
6.82643e-12 -0.0568414 0.0206731 -0.0361682
6.83713e-12 -0.0567653 0.0205975 -0.0361678
6.84783e-12 -0.0566848 0.020518 -0.0361668
6.85853e-12 -0.0566181 0.0204528 -0.0361653
6.86923e-12 -0.0565881 0.0204236 -0.0361645
6.87993e-12 -0.0566052 0.0204396 -0.0361656
6.89063e-12 -0.0566536 0.0204858 -0.0361677
6.90133e-12 -0.0567009 0.0205318 -0.0361691
6.91203e-12 -0.0567252 0.0205566 -0.0361686
6.92273e-12 -0.05673 0.020563 -0.036167
6.93343e-12 -0.0567353 0.0205694 -0.0361658
6.94413e-12 -0.0567552 0.0205889 -0.0361662
6.95483e-12 -0.0567824 0.0206146 -0.0361678
6.96553e-12 -0.0567942 0.020625 -0.0361692
6.97623e-12 -0.0567715 0.0206023 -0.0361692
6.98693e-12 -0.0567147 0.0205468 -0.0361678
6.99763e-12 -0.0566453 0.0204795 -0.0361658
7.00833e-12 -0.0565946 0.0204304 -0.0361642
7.01903e-12 -0.0565869 0.0204233 -0.0361636
7.02972e-12 -0.0566323 0.0204685 -0.0361638
7.04042e-12 -0.0567275 0.020563 -0.0361645
7.05112e-12 -0.0568593 0.0206936 -0.0361657
7.06182e-12 -0.0570055 0.0208383 -0.0361672
7.07252e-12 -0.0571401 0.0209717 -0.0361684
7.08322e-12 -0.057242 0.0210732 -0.0361688
7.09392e-12 -0.0573015 0.0211329 -0.0361685
7.10462e-12 -0.0573206 0.0211528 -0.0361679
7.11532e-12 -0.0573084 0.0211412 -0.0361672
7.12602e-12 -0.0572752 0.0211085 -0.0361667
7.13672e-12 -0.0572302 0.0210638 -0.0361664
7.14742e-12 -0.0571806 0.0210143 -0.0361663
7.15812e-12 -0.0571318 0.0209656 -0.0361662
7.16882e-12 -0.0570889 0.020923 -0.0361659
7.17952e-12 -0.0570597 0.0208944 -0.0361654
7.19022e-12 -0.0570541 0.020889 -0.0361652
7.20092e-12 -0.0570762 0.0209103 -0.0361659
7.21162e-12 -0.0571163 0.020949 -0.0361673
7.22232e-12 -0.0571549 0.0209866 -0.0361684
7.23302e-12 -0.0571752 0.0210064 -0.0361689
7.24372e-12 -0.0571678 0.0209985 -0.0361693
7.25442e-12 -0.0571255 0.0209559 -0.0361696
7.26512e-12 -0.0570431 0.0208737 -0.0361694
7.27582e-12 -0.056924 0.0207558 -0.0361682
7.28652e-12 -0.0567851 0.0206185 -0.0361667
7.29722e-12 -0.0566497 0.0204842 -0.0361655
7.30792e-12 -0.0565359 0.0203708 -0.0361651
7.31862e-12 -0.0564517 0.0202864 -0.0361652
7.32932e-12 -0.0563961 0.0202303 -0.0361658
7.34002e-12 -0.0563619 0.0201951 -0.0361668
7.35072e-12 -0.0563367 0.0201689 -0.0361679
7.36142e-12 -0.0563075 0.0201389 -0.0361685
7.37212e-12 -0.0562681 0.0200998 -0.0361683
7.38282e-12 -0.0562266 0.0200594 -0.0361671
7.39352e-12 -0.0562038 0.0200382 -0.0361657
7.40422e-12 -0.0562247 0.0200601 -0.0361647
7.41492e-12 -0.0563065 0.0201421 -0.0361644
7.42562e-12 -0.0564536 0.0202888 -0.0361648
7.43631e-12 -0.0566584 0.0204925 -0.0361659
7.44701e-12 -0.0568993 0.0207312 -0.0361681
7.45771e-12 -0.0571389 0.0209683 -0.0361706
7.46841e-12 -0.057334 0.0211615 -0.0361725
7.47911e-12 -0.0574516 0.0212783 -0.0361732
7.48981e-12 -0.0574762 0.021303 -0.0361732
7.50051e-12 -0.0574068 0.0212344 -0.0361725
7.51121e-12 -0.0572563 0.0210859 -0.0361704
7.52191e-12 -0.0570582 0.020891 -0.0361671
7.53261e-12 -0.056862 0.0206975 -0.0361645
7.54331e-12 -0.0567077 0.0205437 -0.0361641
7.55401e-12 -0.0566032 0.0204379 -0.0361654
7.56471e-12 -0.056531 0.0203642 -0.0361668
7.57541e-12 -0.0564699 0.0203024 -0.0361675
7.58611e-12 -0.0564101 0.0202431 -0.0361671
7.59681e-12 -0.0563567 0.0201905 -0.0361662
7.60751e-12 -0.0563223 0.0201568 -0.0361655
7.61821e-12 -0.056318 0.0201527 -0.0361653
7.62891e-12 -0.0563478 0.0201823 -0.0361655
7.63961e-12 -0.0564092 0.0202434 -0.0361658
7.65031e-12 -0.0564974 0.0203314 -0.036166
7.66101e-12 -0.0566077 0.0204415 -0.0361663
7.67171e-12 -0.0567341 0.0205671 -0.036167
7.68241e-12 -0.0568614 0.020693 -0.0361684
7.69311e-12 -0.0569656 0.0207963 -0.0361694
7.70381e-12 -0.0570282 0.0208591 -0.0361692
7.71451e-12 -0.0570476 0.0208795 -0.0361681
7.72521e-12 -0.0570355 0.0208686 -0.0361669
7.73591e-12 -0.0570072 0.0208412 -0.036166
7.74661e-12 -0.0569742 0.0208086 -0.0361656
7.75731e-12 -0.0569419 0.0207764 -0.0361655
7.76801e-12 -0.0569107 0.0207449 -0.0361658
7.77871e-12 -0.0568757 0.0207093 -0.0361664
7.78941e-12 -0.056827 0.0206599 -0.0361671
7.80011e-12 -0.0567553 0.0205882 -0.0361671
7.81081e-12 -0.0566612 0.0204949 -0.0361663
7.82151e-12 -0.0565579 0.0203928 -0.036165
7.8322e-12 -0.0564645 0.0203003 -0.0361642
7.8429e-12 -0.0563954 0.0202311 -0.0361643
7.8536e-12 -0.0563513 0.0201861 -0.0361653
7.8643e-12 -0.0563214 0.0201551 -0.0361663
7.875e-12 -0.0562933 0.0201267 -0.0361666
7.8857e-12 -0.0562645 0.0200984 -0.0361661
7.8964e-12 -0.0562427 0.0200772 -0.0361655
7.9071e-12 -0.0562366 0.0200713 -0.0361653
7.9178e-12 -0.0562478 0.0200822 -0.0361657
7.9285e-12 -0.0562697 0.0201033 -0.0361663
7.9392e-12 -0.0562911 0.0201244 -0.0361668
7.9499e-12 -0.0563044 0.0201379 -0.0361666
7.9606e-12 -0.056311 0.0201452 -0.0361658
7.9713e-12 -0.0563211 0.0201563 -0.0361648
7.982e-12 -0.0563475 0.0201832 -0.0361644
7.9927e-12 -0.0563964 0.0202317 -0.0361647
8.0034e-12 -0.0564627 0.020297 -0.0361657
8.0141e-12 -0.0565317 0.0203648 -0.0361669
8.0248e-12 -0.0565856 0.0204176 -0.036168
8.0355e-12 -0.0566099 0.0204413 -0.0361685
8.0462e-12 -0.0565997 0.0204314 -0.0361682
8.0569e-12 -0.0565621 0.0203945 -0.0361676
8.0676e-12 -0.0565094 0.020342 -0.0361674
8.0783e-12 -0.0564504 0.0202833 -0.0361671
8.089e-12 -0.056397 0.0202317 -0.0361653
8.0997e-12 -0.0563796 0.0202171 -0.0361624
8.1104e-12 -0.056441 0.0202797 -0.0361612
8.1211e-12 -0.0565956 0.0204316 -0.036164
8.1318e-12 -0.0568007 0.0206323 -0.0361684
8.1425e-12 -0.0569877 0.0208165 -0.0361712
8.1532e-12 -0.0571089 0.0209374 -0.0361716
8.1639e-12 -0.0571528 0.0209824 -0.0361704
8.1746e-12 -0.0571339 0.0209653 -0.0361686
8.1853e-12 -0.0570794 0.0209126 -0.0361668
8.196e-12 -0.0570183 0.0208528 -0.0361655
8.2067e-12 -0.0569741 0.0208092 -0.0361648
8.2174e-12 -0.0569601 0.0207953 -0.0361648
8.2281e-12 -0.0569805 0.0208154 -0.0361651
8.23879e-12 -0.0570329 0.0208673 -0.0361656
8.24949e-12 -0.0571115 0.0209454 -0.0361661
8.26019e-12 -0.0572079 0.0210411 -0.0361667
8.27089e-12 -0.0573109 0.0211434 -0.0361675
8.28159e-12 -0.0574065 0.0212378 -0.0361687
8.29229e-12 -0.0574757 0.0213055 -0.0361701
8.30299e-12 -0.0574957 0.0213242 -0.0361715
8.31369e-12 -0.0574466 0.0212745 -0.0361721
8.32439e-12 -0.0573212 0.0211499 -0.0361713
8.33509e-12 -0.0571341 0.0209651 -0.0361691
8.34579e-12 -0.0569212 0.0207549 -0.0361663
8.35649e-12 -0.0567273 0.0205634 -0.0361639
8.36719e-12 -0.0565905 0.0204278 -0.0361627
8.37789e-12 -0.0565321 0.0203697 -0.0361625
8.38859e-12 -0.0565566 0.0203935 -0.0361631
8.39929e-12 -0.0566528 0.0204883 -0.0361646
8.40999e-12 -0.0567956 0.0206288 -0.0361667
8.42069e-12 -0.0569488 0.02078 -0.0361688
8.43139e-12 -0.0570776 0.0209076 -0.03617
8.44209e-12 -0.0571605 0.0209907 -0.0361699
8.45279e-12 -0.057196 0.0210271 -0.036169
8.46349e-12 -0.0571956 0.0210275 -0.036168
8.47419e-12 -0.0571727 0.0210052 -0.0361675
8.48489e-12 -0.0571362 0.0209687 -0.0361674
8.49559e-12 -0.0570902 0.0209229 -0.0361673
8.50629e-12 -0.0570397 0.0208727 -0.036167
8.51699e-12 -0.0569924 0.0208258 -0.0361665
8.52769e-12 -0.0569581 0.0207919 -0.0361662
8.53839e-12 -0.0569449 0.0207785 -0.0361663
8.54909e-12 -0.0569552 0.0207884 -0.0361668
8.55979e-12 -0.0569859 0.0208184 -0.0361674
8.57049e-12 -0.0570312 0.0208632 -0.036168
8.58119e-12 -0.0570851 0.0209164 -0.0361687
8.59189e-12 -0.0571387 0.0209692 -0.0361695
8.60259e-12 -0.0571814 0.0210113 -0.0361701
8.61329e-12 -0.0572048 0.0210343 -0.0361705
8.62399e-12 -0.0572034 0.0210326 -0.0361708
8.63468e-12 -0.0571734 0.0210028 -0.0361706
8.64538e-12 -0.0571197 0.0209507 -0.0361689
8.65608e-12 -0.057069 0.0209035 -0.0361655
8.66678e-12 -0.0570717 0.0209093 -0.0361623
8.67748e-12 -0.0571701 0.0210075 -0.0361626
8.68818e-12 -0.0573557 0.0211894 -0.0361662
8.69888e-12 -0.0575694 0.0213992 -0.0361702
8.70958e-12 -0.0577435 0.0215708 -0.0361727
8.72028e-12 -0.0578316 0.0216581 -0.0361735
8.73098e-12 -0.057814 0.0216408 -0.0361732
8.74168e-12 -0.0576927 0.0215208 -0.036172
8.75238e-12 -0.0574871 0.0213169 -0.0361702
8.76308e-12 -0.0572283 0.02106 -0.0361683
8.77378e-12 -0.0569502 0.0207834 -0.0361668
8.78448e-12 -0.0566825 0.020517 -0.0361655
8.79518e-12 -0.0564514 0.0202873 -0.0361641
8.80588e-12 -0.0562815 0.0201182 -0.0361633
8.81658e-12 -0.0561877 0.0200242 -0.0361634
8.82728e-12 -0.0561697 0.0200051 -0.0361646
8.83798e-12 -0.05621 0.0200433 -0.0361667
8.84868e-12 -0.0562755 0.0201062 -0.0361694
8.85938e-12 -0.0563272 0.0201557 -0.0361715
8.87008e-12 -0.0563334 0.0201607 -0.0361728
8.88078e-12 -0.0562786 0.020106 -0.0361726
8.89148e-12 -0.056172 0.0200019 -0.0361701
8.90218e-12 -0.056058 0.019892 -0.036166
8.91288e-12 -0.0559999 0.0198358 -0.036164
8.92358e-12 -0.056028 0.0198623 -0.0361658
8.93428e-12 -0.056119 0.0199507 -0.0361683
8.94498e-12 -0.0562331 0.0200636 -0.0361694
8.95568e-12 -0.0563452 0.0201754 -0.0361697
8.96638e-12 -0.0564434 0.0202738 -0.0361696
8.97708e-12 -0.0565243 0.0203554 -0.0361689
8.98778e-12 -0.0565937 0.0204259 -0.0361679
8.99848e-12 -0.0566638 0.0204968 -0.036167
9.00918e-12 -0.0567452 0.0205785 -0.0361667
9.01988e-12 -0.0568412 0.0206746 -0.0361667
9.03058e-12 -0.0569508 0.0207841 -0.0361667
9.04127e-12 -0.0570709 0.020904 -0.0361669
9.05197e-12 -0.0571952 0.0210275 -0.0361677
9.06267e-12 -0.057309 0.0211399 -0.0361691
9.07337e-12 -0.057391 0.0212207 -0.0361704
9.08407e-12 -0.0574219 0.0212509 -0.0361709
9.09477e-12 -0.0573937 0.0212232 -0.0361705
9.10547e-12 -0.0573138 0.0211445 -0.0361693
9.11617e-12 -0.0572023 0.0210346 -0.0361677
9.12687e-12 -0.0570863 0.0209202 -0.0361661
9.13757e-12 -0.056993 0.0208282 -0.0361648
9.14827e-12 -0.0569436 0.0207793 -0.0361643
9.15897e-12 -0.0569454 0.0207803 -0.0361652
9.16967e-12 -0.0569862 0.0208192 -0.036167
9.18037e-12 -0.0570373 0.0208682 -0.0361691
9.19107e-12 -0.0570669 0.0208966 -0.0361704
9.20177e-12 -0.0570544 0.0208839 -0.0361705
9.21247e-12 -0.0569961 0.0208261 -0.03617
9.22317e-12 -0.0568982 0.0207285 -0.0361698
9.23387e-12 -0.0567641 0.0205941 -0.0361701
9.24457e-12 -0.0565916 0.0204215 -0.03617
9.25527e-12 -0.0563843 0.0202152 -0.0361691
9.26597e-12 -0.0561603 0.019993 -0.0361673
9.27667e-12 -0.0559509 0.0197858 -0.0361651
9.28737e-12 -0.0557939 0.019631 -0.036163
9.29807e-12 -0.0557255 0.019564 -0.0361615
9.30877e-12 -0.0557701 0.0196087 -0.0361614
9.31947e-12 -0.0559305 0.0197676 -0.0361629
9.33017e-12 -0.0561826 0.0200169 -0.0361657
9.34087e-12 -0.0564829 0.0203143 -0.0361686
9.35157e-12 -0.0567837 0.0206128 -0.036171
9.36227e-12 -0.0570451 0.0208727 -0.0361724
9.37297e-12 -0.0572407 0.0210679 -0.0361728
9.38367e-12 -0.0573597 0.021187 -0.0361727
9.39437e-12 -0.0574008 0.0212283 -0.0361725
9.40507e-12 -0.0573657 0.0211936 -0.0361722
9.41577e-12 -0.0572618 0.0210911 -0.0361707
9.42647e-12 -0.0571126 0.0209444 -0.0361682
9.43717e-12 -0.0569559 0.0207898 -0.0361661
9.44786e-12 -0.0568248 0.0206595 -0.0361653
9.45856e-12 -0.056733 0.0205674 -0.0361656
9.46926e-12 -0.0566773 0.0205111 -0.0361662
9.47996e-12 -0.0566473 0.0204806 -0.0361667
9.49066e-12 -0.0566328 0.0204658 -0.036167
9.50136e-12 -0.0566267 0.0204596 -0.0361671
9.51206e-12 -0.0566252 0.0204582 -0.0361669
9.52276e-12 -0.0566272 0.0204605 -0.0361667
9.53346e-12 -0.0566338 0.0204673 -0.0361665
9.54416e-12 -0.0566465 0.0204801 -0.0361664
9.55486e-12 -0.0566654 0.0204988 -0.0361666
9.56556e-12 -0.0566858 0.0205184 -0.0361674
9.57626e-12 -0.0566959 0.0205273 -0.0361686
9.58696e-12 -0.0566781 0.0205082 -0.0361699
9.59766e-12 -0.0566162 0.0204457 -0.0361704
9.60836e-12 -0.0565064 0.0203367 -0.0361697
9.61906e-12 -0.0563655 0.0201979 -0.0361676
9.62976e-12 -0.0562294 0.0200637 -0.0361656
9.64046e-12 -0.0561312 0.0199658 -0.0361654
9.65116e-12 -0.0560794 0.0199133 -0.0361661
9.66186e-12 -0.0560665 0.0199003 -0.0361662
9.67256e-12 -0.0560905 0.0199247 -0.0361658
9.68326e-12 -0.0561558 0.0199902 -0.0361656
9.69396e-12 -0.0562625 0.0200963 -0.0361662
9.70466e-12 -0.0564003 0.0202332 -0.0361671
9.71536e-12 -0.0565522 0.0203841 -0.0361681
9.72606e-12 -0.0566983 0.0205288 -0.0361695
9.73676e-12 -0.0568142 0.0206431 -0.0361711
9.74746e-12 -0.0568727 0.0207003 -0.0361724
9.75816e-12 -0.0568537 0.0206812 -0.0361725
9.76886e-12 -0.0567552 0.0205839 -0.0361712
9.77956e-12 -0.0565979 0.020429 -0.0361689
9.79026e-12 -0.0564188 0.0202522 -0.0361665
9.80096e-12 -0.0562554 0.0200901 -0.0361654
9.81166e-12 -0.0561276 0.0199616 -0.036166
9.82236e-12 -0.0560296 0.019862 -0.0361676
9.83306e-12 -0.0559414 0.0197726 -0.0361689
9.84375e-12 -0.055848 0.0196791 -0.0361689
9.85445e-12 -0.0557535 0.0195863 -0.0361672
9.86515e-12 -0.0556871 0.0195226 -0.0361645
9.87585e-12 -0.0556918 0.0195295 -0.0361624
9.88655e-12 -0.0558007 0.0196383 -0.0361625
9.89725e-12 -0.0560123 0.0198472 -0.0361651
9.90795e-12 -0.0562857 0.0201169 -0.0361687
9.91865e-12 -0.0565629 0.0203914 -0.0361715
9.92935e-12 -0.0567965 0.0206238 -0.0361727
9.94005e-12 -0.0569604 0.0207877 -0.0361727
9.95075e-12 -0.0570494 0.0208779 -0.0361715
9.96145e-12 -0.0570771 0.0209073 -0.0361698
9.97215e-12 -0.0570665 0.0208982 -0.0361683
9.98285e-12 -0.0570416 0.0208748 -0.0361668
9.99355e-12 -0.0570264 0.0208612 -0.0361651
1.00043e-11 -0.0570471 0.0208835 -0.0361636
1.0015e-11 -0.057125 0.0209613 -0.0361637
1.00257e-11 -0.0572562 0.0210902 -0.036166
1.00364e-11 -0.0574057 0.0212368 -0.0361689
1.0047e-11 -0.0575276 0.0213567 -0.0361708
1.00577e-11 -0.0575893 0.0214178 -0.0361715
1.00684e-11 -0.0575792 0.021408 -0.0361711
1.00791e-11 -0.0575037 0.0213336 -0.0361701
1.00898e-11 -0.057383 0.0212145 -0.0361685
1.01005e-11 -0.0572469 0.0210804 -0.0361665
1.01112e-11 -0.0571317 0.0209669 -0.0361648
1.01219e-11 -0.0570658 0.0209005 -0.0361652
1.01326e-11 -0.0570446 0.0208762 -0.0361684
1.01433e-11 -0.0570242 0.0208523 -0.0361719
1.0154e-11 -0.0569534 0.0207801 -0.0361733
1.01647e-11 -0.0568099 0.0206376 -0.0361722
1.01754e-11 -0.056609 0.0204395 -0.0361695
1.01861e-11 -0.0563927 0.0202265 -0.0361662
1.01968e-11 -0.0562119 0.0200484 -0.0361635
1.02075e-11 -0.0561083 0.0199459 -0.0361624
1.02182e-11 -0.0560995 0.0199361 -0.0361633
1.02289e-11 -0.056172 0.0200063 -0.0361656
1.02396e-11 -0.0562918 0.020124 -0.0361678
1.02503e-11 -0.0564257 0.0202569 -0.0361687
1.0261e-11 -0.0565564 0.0203877 -0.0361687
1.02717e-11 -0.0566813 0.0205129 -0.0361685
1.02824e-11 -0.0568008 0.020632 -0.0361688
1.02931e-11 -0.0569089 0.0207392 -0.0361697
1.03038e-11 -0.0569916 0.0208208 -0.0361708
1.03145e-11 -0.0570324 0.0208609 -0.0361715
1.03252e-11 -0.0570219 0.0208507 -0.0361712
1.03359e-11 -0.0569663 0.0207966 -0.0361697
1.03466e-11 -0.0568894 0.0207216 -0.0361678
1.03573e-11 -0.0568204 0.0206537 -0.0361667
1.0368e-11 -0.0567767 0.0206097 -0.036167
1.03787e-11 -0.0567551 0.020587 -0.0361681
1.03894e-11 -0.0567411 0.0205724 -0.0361686
1.04001e-11 -0.0567268 0.0205589 -0.0361679
1.04108e-11 -0.0567216 0.020555 -0.0361666
1.04215e-11 -0.0567428 0.0205765 -0.0361663
1.04322e-11 -0.0567919 0.0206238 -0.0361681
1.04429e-11 -0.056842 0.0206713 -0.0361706
1.04536e-11 -0.0568559 0.020684 -0.0361719
1.04643e-11 -0.0568147 0.0206433 -0.0361714
1.0475e-11 -0.0567263 0.0205566 -0.0361697
1.04857e-11 -0.0566175 0.0204496 -0.0361679
1.04964e-11 -0.0565205 0.0203543 -0.0361662
1.05071e-11 -0.0564663 0.0203016 -0.0361647
1.05178e-11 -0.0564814 0.0203175 -0.0361639
1.05285e-11 -0.0565782 0.0204135 -0.0361647
1.05392e-11 -0.0567453 0.020579 -0.0361662
1.05499e-11 -0.0569574 0.0207901 -0.0361672
1.05606e-11 -0.0571927 0.0210248 -0.0361679
1.05713e-11 -0.057432 0.0212627 -0.0361692
1.0582e-11 -0.0576476 0.0214764 -0.0361712
1.05927e-11 -0.0578043 0.0216311 -0.0361732
1.06034e-11 -0.0578684 0.0216939 -0.0361746
1.06141e-11 -0.0578191 0.0216445 -0.0361746
1.06248e-11 -0.0576586 0.0214858 -0.0361728
1.06355e-11 -0.0574199 0.0212509 -0.036169
1.06462e-11 -0.0571661 0.0210018 -0.0361643
1.06569e-11 -0.0569717 0.0208106 -0.0361611
1.06676e-11 -0.0568879 0.0207268 -0.0361611
1.06783e-11 -0.0569178 0.0207544 -0.0361634
1.0689e-11 -0.0570273 0.0208614 -0.036166
1.06997e-11 -0.0571743 0.0210066 -0.0361677
1.07104e-11 -0.0573269 0.0211586 -0.0361683
1.07211e-11 -0.0574687 0.0213003 -0.0361683
1.07318e-11 -0.0575932 0.0214248 -0.0361684
1.07425e-11 -0.0576941 0.0215251 -0.036169
1.07532e-11 -0.0577587 0.0215888 -0.0361698
1.07639e-11 -0.0577715 0.0216012 -0.0361703
1.07746e-11 -0.0577242 0.0215543 -0.0361699
1.07853e-11 -0.0576208 0.0214518 -0.036169
1.0796e-11 -0.0574745 0.0213064 -0.0361681
1.08067e-11 -0.0573001 0.0211325 -0.0361676
1.08174e-11 -0.0571095 0.0209422 -0.0361673
1.08281e-11 -0.0569124 0.0207454 -0.036167
1.08388e-11 -0.0567187 0.020552 -0.0361668
1.08495e-11 -0.056537 0.0203703 -0.0361667
1.08602e-11 -0.056374 0.0202079 -0.0361662
1.08709e-11 -0.0562448 0.0200806 -0.0361642
1.08816e-11 -0.0561816 0.02002 -0.0361617
1.08923e-11 -0.0562214 0.0200608 -0.0361606
1.0903e-11 -0.0563773 0.0202152 -0.0361621
1.09137e-11 -0.056625 0.02046 -0.036165
1.09244e-11 -0.0569159 0.020748 -0.0361679
1.09351e-11 -0.0572005 0.0210307 -0.0361698
1.09458e-11 -0.057444 0.0212733 -0.0361708
1.09565e-11 -0.0576249 0.0214532 -0.0361718
1.09672e-11 -0.0577253 0.0215523 -0.036173
1.09779e-11 -0.0577274 0.0215534 -0.036174
1.09886e-11 -0.0576218 0.0214482 -0.0361737
1.09993e-11 -0.057423 0.0212519 -0.0361711
1.101e-11 -0.0571789 0.0210119 -0.036167
1.10207e-11 -0.0569586 0.0207949 -0.0361638
1.10314e-11 -0.056818 0.0206552 -0.0361628
1.10421e-11 -0.0567775 0.020614 -0.0361635
1.10528e-11 -0.0568296 0.0206649 -0.0361647
1.10635e-11 -0.0569537 0.0207875 -0.0361663
1.10742e-11 -0.0571203 0.020952 -0.0361683
1.10849e-11 -0.0572939 0.0211241 -0.0361699
1.10956e-11 -0.0574456 0.0212751 -0.0361705
1.11063e-11 -0.0575615 0.0213912 -0.0361704
1.1117e-11 -0.0576404 0.0214703 -0.0361701
1.11277e-11 -0.0576845 0.0215142 -0.0361703
1.11384e-11 -0.0576918 0.0215207 -0.0361711
1.11491e-11 -0.0576528 0.0214807 -0.036172
1.11598e-11 -0.0575565 0.0213843 -0.0361722
1.11705e-11 -0.0574046 0.0212335 -0.0361711
1.11812e-11 -0.0572166 0.021047 -0.0361696
1.11919e-11 -0.057017 0.020848 -0.036169
1.12026e-11 -0.0568186 0.0206498 -0.0361688
1.12133e-11 -0.0566285 0.0204606 -0.036168
1.1224e-11 -0.0564613 0.0202945 -0.0361667
1.12347e-11 -0.0563355 0.0201693 -0.0361662
1.12454e-11 -0.0562576 0.0200903 -0.0361673
1.12561e-11 -0.0562113 0.0200421 -0.0361691
1.12668e-11 -0.0561696 0.0199995 -0.03617
1.12775e-11 -0.0561174 0.0199479 -0.0361695
1.12882e-11 -0.0560608 0.0198927 -0.0361681
1.12989e-11 -0.0560189 0.0198523 -0.0361666
1.13096e-11 -0.0560132 0.0198477 -0.0361654
1.13203e-11 -0.0560602 0.0198953 -0.0361649
1.1331e-11 -0.0561659 0.0200004 -0.0361655
1.13417e-11 -0.0563188 0.0201516 -0.0361672
1.13524e-11 -0.0564916 0.0203227 -0.0361689
1.13631e-11 -0.0566551 0.0204852 -0.03617
1.13738e-11 -0.0567892 0.0206187 -0.0361704
1.13845e-11 -0.0568834 0.0207128 -0.0361706
1.13952e-11 -0.0569342 0.0207636 -0.0361706
1.14059e-11 -0.0569424 0.020772 -0.0361705
1.14166e-11 -0.0569114 0.0207411 -0.0361703
1.14273e-11 -0.0568459 0.0206758 -0.0361701
1.1438e-11 -0.0567528 0.0205831 -0.0361697
1.14487e-11 -0.0566432 0.0204746 -0.0361686
1.14594e-11 -0.0565387 0.0203722 -0.0361665
1.14701e-11 -0.0564745 0.0203103 -0.0361641
1.14808e-11 -0.0564864 0.0203228 -0.0361636
1.14915e-11 -0.0565821 0.0204163 -0.0361658
1.15022e-11 -0.0567283 0.0205587 -0.0361695
1.15129e-11 -0.0568682 0.0206954 -0.0361728
1.15236e-11 -0.0569514 0.0207774 -0.036174
1.15343e-11 -0.0569562 0.0207833 -0.0361729
1.1545e-11 -0.056895 0.0207245 -0.0361705
1.15557e-11 -0.056801 0.0206328 -0.0361682
1.15664e-11 -0.0567063 0.020539 -0.0361673
1.15771e-11 -0.0566247 0.020457 -0.0361677
1.15878e-11 -0.0565505 0.0203818 -0.0361688
1.15985e-11 -0.0564678 0.0202981 -0.0361697
1.16092e-11 -0.0563637 0.0201941 -0.0361696
1.16199e-11 -0.0562413 0.0200732 -0.0361681
1.16306e-11 -0.0561248 0.0199594 -0.0361655
1.16413e-11 -0.056056 0.0198934 -0.0361625
1.1652e-11 -0.0560794 0.0199188 -0.0361606
1.16627e-11 -0.0562218 0.0200607 -0.0361611
1.16734e-11 -0.0564737 0.02031 -0.0361637
1.16841e-11 -0.0567908 0.0206237 -0.0361671
1.16948e-11 -0.0571157 0.0209459 -0.0361699
1.17055e-11 -0.057399 0.0212275 -0.0361715
1.17162e-11 -0.057608 0.0214359 -0.036172
1.17269e-11 -0.0577281 0.0215564 -0.0361717
1.17376e-11 -0.0577595 0.0215885 -0.0361709
1.17483e-11 -0.0577127 0.0215429 -0.0361698
1.1759e-11 -0.0576052 0.0214365 -0.0361687
1.17697e-11 -0.0574569 0.021289 -0.0361679
1.17804e-11 -0.0572831 0.0211149 -0.0361682
1.17911e-11 -0.0570836 0.0209137 -0.0361699
1.18018e-11 -0.0568413 0.0206696 -0.0361717
1.18125e-11 -0.0565399 0.0203682 -0.0361718
1.18232e-11 -0.0561894 0.02002 -0.0361694
1.18339e-11 -0.0558352 0.0196694 -0.0361658
1.18446e-11 -0.0555403 0.019377 -0.0361633
1.18553e-11 -0.0553518 0.0191891 -0.0361627
1.1866e-11 -0.055287 0.0191239 -0.0361631
1.18767e-11 -0.0553445 0.0191804 -0.0361641
1.18874e-11 -0.0555079 0.0193415 -0.0361664
1.18981e-11 -0.0557378 0.019568 -0.0361697
1.19088e-11 -0.0559784 0.0198059 -0.0361725
1.19195e-11 -0.0561808 0.0200071 -0.0361737
1.19302e-11 -0.056318 0.0201443 -0.0361737
1.19409e-11 -0.0563845 0.0202118 -0.0361727
1.19516e-11 -0.0563917 0.0202205 -0.0361713
1.19623e-11 -0.05636 0.0201902 -0.0361698
1.1973e-11 -0.056311 0.0201423 -0.0361687
1.19837e-11 -0.0562626 0.0200946 -0.0361681
1.19944e-11 -0.0562245 0.0200563 -0.0361682
1.20051e-11 -0.0561948 0.0200261 -0.0361687
1.20158e-11 -0.0561675 0.019999 -0.0361685
1.20265e-11 -0.0561441 0.0199765 -0.0361676
1.20372e-11 -0.0561352 0.0199683 -0.0361669
1.20479e-11 -0.0561469 0.0199797 -0.0361673
1.20586e-11 -0.0561715 0.0200032 -0.0361682
1.20693e-11 -0.0561921 0.0200231 -0.036169
1.208e-11 -0.0561957 0.0200267 -0.0361691
1.20907e-11 -0.05618 0.0200113 -0.0361686
1.21014e-11 -0.0561511 0.0199829 -0.0361681
1.21121e-11 -0.0561174 0.0199494 -0.036168
1.21228e-11 -0.0560833 0.0199149 -0.0361684
1.21335e-11 -0.0560467 0.0198778 -0.0361689
1.21442e-11 -0.0560032 0.019834 -0.0361692
1.21549e-11 -0.0559511 0.0197819 -0.0361692
1.21656e-11 -0.0558932 0.0197241 -0.0361691
1.21763e-11 -0.0558343 0.0196653 -0.036169
1.2187e-11 -0.0557792 0.0196105 -0.0361687
1.21977e-11 -0.0557369 0.0195693 -0.0361676
1.22084e-11 -0.0557255 0.0195595 -0.0361661
1.22191e-11 -0.0557687 0.0196038 -0.0361649
1.22298e-11 -0.0558831 0.0197183 -0.0361648
1.22405e-11 -0.056068 0.0199022 -0.0361658
1.22512e-11 -0.0563035 0.0201358 -0.0361677
1.22619e-11 -0.0565568 0.0203871 -0.0361696
1.22726e-11 -0.056793 0.0206221 -0.0361709
1.22833e-11 -0.0569876 0.0208166 -0.036171
1.2294e-11 -0.0571335 0.0209635 -0.03617
1.23047e-11 -0.0572407 0.0210721 -0.0361686
1.23154e-11 -0.0573278 0.0211604 -0.0361674
1.23261e-11 -0.05741 0.0212426 -0.0361674
1.23368e-11 -0.0574863 0.0213174 -0.0361689
1.23475e-11 -0.0575351 0.0213639 -0.0361711
1.23582e-11 -0.0575248 0.0213522 -0.0361726
1.23689e-11 -0.0574348 0.0212623 -0.0361725
1.23796e-11 -0.0572657 0.0210942 -0.0361715
1.23903e-11 -0.0570351 0.0208655 -0.0361696
1.2401e-11 -0.0567739 0.020607 -0.0361669
1.24117e-11 -0.0565252 0.0203613 -0.0361639
1.24224e-11 -0.0563343 0.0201722 -0.0361621
1.24331e-11 -0.0562275 0.0200651 -0.0361624
1.24438e-11 -0.0562003 0.0200361 -0.0361642
1.24545e-11 -0.0562257 0.0200594 -0.0361662
1.24652e-11 -0.0562709 0.020103 -0.0361679
1.24759e-11 -0.0563087 0.0201398 -0.0361689
1.24866e-11 -0.0563219 0.0201527 -0.0361692
1.24973e-11 -0.0563072 0.0201389 -0.0361683
1.2508e-11 -0.0562784 0.0201119 -0.0361665
1.25187e-11 -0.056263 0.0200984 -0.0361647
1.25294e-11 -0.056287 0.0201228 -0.0361642
1.25401e-11 -0.0563559 0.0201905 -0.0361654
1.25508e-11 -0.0564512 0.020284 -0.0361672
1.25615e-11 -0.0565447 0.0203762 -0.0361685
1.25722e-11 -0.0566153 0.0204466 -0.0361687
1.25829e-11 -0.0566575 0.0204895 -0.036168
1.25936e-11 -0.0566804 0.0205137 -0.0361667
1.26043e-11 -0.0567023 0.0205367 -0.0361655
1.2615e-11 -0.0567395 0.0205743 -0.0361653
1.26257e-11 -0.0567959 0.0206298 -0.0361661
1.26364e-11 -0.0568594 0.020692 -0.0361673
1.26471e-11 -0.056912 0.0207439 -0.0361681
1.26578e-11 -0.0569422 0.020774 -0.0361682
1.26685e-11 -0.0569478 0.0207799 -0.036168
1.26792e-11 -0.0569332 0.0207656 -0.0361675
1.26899e-11 -0.0569054 0.0207384 -0.036167
1.27006e-11 -0.0568729 0.0207063 -0.0361666
1.27113e-11 -0.0568425 0.0206759 -0.0361665
1.2722e-11 -0.0568151 0.0206482 -0.0361669
1.27327e-11 -0.056785 0.0206174 -0.0361675
1.27434e-11 -0.0567421 0.020574 -0.0361681
1.27541e-11 -0.0566787 0.0205105 -0.0361682
1.27648e-11 -0.0565938 0.0204261 -0.0361676
1.27755e-11 -0.0564961 0.0203295 -0.0361666
1.27862e-11 -0.0564029 0.0202377 -0.0361652
1.27969e-11 -0.0563364 0.0201725 -0.0361639
1.28076e-11 -0.0563183 0.0201553 -0.036163
1.28183e-11 -0.0563633 0.0202005 -0.0361629
1.2829e-11 -0.0564738 0.0203102 -0.0361636
1.28397e-11 -0.0566372 0.020472 -0.0361652
1.28504e-11 -0.0568282 0.0206611 -0.036167
1.28611e-11 -0.0570169 0.0208486 -0.0361684
1.28718e-11 -0.0571805 0.0210116 -0.0361689
1.28825e-11 -0.0573075 0.0211385 -0.036169
1.28932e-11 -0.0573943 0.0212254 -0.036169
1.29039e-11 -0.0574404 0.0212715 -0.0361689
1.29146e-11 -0.0574469 0.0212781 -0.0361688
1.29253e-11 -0.0574176 0.0212489 -0.0361687
1.2936e-11 -0.0573561 0.0211873 -0.0361689
1.29467e-11 -0.0572639 0.0210948 -0.0361691
1.29574e-11 -0.0571423 0.0209735 -0.0361688
1.29681e-11 -0.0570001 0.0208325 -0.0361677
1.29788e-11 -0.0568572 0.020691 -0.0361663
1.29895e-11 -0.0567374 0.0205721 -0.0361653
1.30002e-11 -0.0566569 0.0204916 -0.0361653
1.30109e-11 -0.0566183 0.0204525 -0.0361658
1.30216e-11 -0.0566162 0.02045 -0.0361662
1.30323e-11 -0.056645 0.0204785 -0.0361664
1.3043e-11 -0.0566995 0.0205326 -0.0361669
1.30537e-11 -0.0567717 0.0206041 -0.0361676
1.30644e-11 -0.0568497 0.0206812 -0.0361685
1.30751e-11 -0.0569205 0.0207513 -0.0361692
1.30858e-11 -0.0569734 0.0208038 -0.0361697
1.30965e-11 -0.057001 0.020831 -0.03617
1.31072e-11 -0.0569995 0.0208293 -0.0361701
1.31179e-11 -0.0569686 0.0207985 -0.03617
1.31286e-11 -0.0569144 0.0207454 -0.036169
1.31393e-11 -0.0568566 0.0206893 -0.0361673
1.315e-11 -0.0568217 0.0206551 -0.0361666
1.31607e-11 -0.0568208 0.0206537 -0.0361671
1.31714e-11 -0.0568471 0.0206798 -0.0361674
1.31821e-11 -0.0568935 0.0207262 -0.0361673
1.31928e-11 -0.0569569 0.0207897 -0.0361672
1.32035e-11 -0.0570343 0.020867 -0.0361673
1.32142e-11 -0.0571217 0.0209543 -0.0361674
1.32249e-11 -0.0572158 0.0210482 -0.0361676
1.32356e-11 -0.0573134 0.0211454 -0.036168
1.32463e-11 -0.0574094 0.0212409 -0.0361685
1.3257e-11 -0.0574982 0.0213293 -0.0361689
1.32677e-11 -0.0575754 0.021406 -0.0361694
1.32784e-11 -0.0576349 0.0214649 -0.03617
1.32891e-11 -0.0576686 0.0214982 -0.0361703
1.32998e-11 -0.0576718 0.0215016 -0.0361702
1.33105e-11 -0.0576454 0.0214754 -0.03617
1.33212e-11 -0.057592 0.0214223 -0.0361698
1.33319e-11 -0.0575163 0.0213471 -0.0361691
1.33426e-11 -0.0574272 0.0212588 -0.0361685
1.33533e-11 -0.0573345 0.0211663 -0.0361682
1.3364e-11 -0.0572423 0.0210741 -0.0361683
1.33747e-11 -0.0571513 0.0209833 -0.036168
1.33854e-11 -0.0570656 0.0208981 -0.0361674
1.33961e-11 -0.0569935 0.0208265 -0.036167
1.34068e-11 -0.0569416 0.0207748 -0.0361668
1.34175e-11 -0.056912 0.0207454 -0.0361666
1.34282e-11 -0.0569071 0.020741 -0.0361661
1.34389e-11 -0.0569324 0.0207667 -0.0361657
1.34496e-11 -0.0569908 0.0208248 -0.036166
1.34603e-11 -0.0570741 0.0209068 -0.0361673
1.3471e-11 -0.0571607 0.0209916 -0.036169
1.34817e-11 -0.0572238 0.0210535 -0.0361704
1.34924e-11 -0.0572428 0.0210719 -0.036171
1.35031e-11 -0.0572089 0.0210381 -0.0361708
1.35138e-11 -0.0571251 0.0209549 -0.0361702
1.35245e-11 -0.0570036 0.0208345 -0.0361691
1.35352e-11 -0.0568649 0.0206974 -0.0361675
1.35459e-11 -0.0567372 0.0205715 -0.0361657
1.35566e-11 -0.0566507 0.0204863 -0.0361644
1.35673e-11 -0.0566257 0.020461 -0.0361647
1.3578e-11 -0.0566588 0.0204924 -0.0361665
1.35887e-11 -0.0567232 0.0205545 -0.0361687
1.35994e-11 -0.0567845 0.0206144 -0.0361701
1.36101e-11 -0.0568192 0.0206488 -0.0361704
1.36208e-11 -0.0568207 0.0206508 -0.0361699
1.36315e-11 -0.0567959 0.0206271 -0.0361688
1.36422e-11 -0.0567616 0.0205942 -0.0361674
1.36529e-11 -0.0567385 0.0205721 -0.0361664
1.36636e-11 -0.0567428 0.0205765 -0.0361663
1.36743e-11 -0.0567766 0.0206093 -0.0361674
1.3685e-11 -0.0568247 0.0206556 -0.0361692
1.36957e-11 -0.0568615 0.020691 -0.0361705
1.37064e-11 -0.0568674 0.0206965 -0.0361708
1.37171e-11 -0.0568385 0.0206685 -0.0361701
1.37278e-11 -0.0567882 0.0206196 -0.0361686
1.37385e-11 -0.0567406 0.0205737 -0.0361669
1.37492e-11 -0.0567235 0.0205579 -0.0361656
1.37599e-11 -0.0567567 0.0205911 -0.0361655
1.37706e-11 -0.0568415 0.0206749 -0.0361666
1.37813e-11 -0.0569607 0.0207925 -0.0361682
1.3792e-11 -0.0570888 0.0209195 -0.0361693
1.38027e-11 -0.0572052 0.0210355 -0.0361697
1.38134e-11 -0.0572988 0.021129 -0.0361698
1.38241e-11 -0.0573647 0.0211949 -0.0361698
1.38348e-11 -0.0573999 0.0212301 -0.0361698
1.38455e-11 -0.0574025 0.0212327 -0.0361698
1.38562e-11 -0.0573707 0.0212007 -0.0361701
1.38669e-11 -0.0573016 0.0211313 -0.0361703
1.38776e-11 -0.0571936 0.0210235 -0.0361701
1.38883e-11 -0.0570519 0.0208826 -0.0361693
1.3899e-11 -0.0568904 0.0207222 -0.0361682
1.39097e-11 -0.0567286 0.0205615 -0.036167
1.39204e-11 -0.0565866 0.0204204 -0.0361661
1.39311e-11 -0.05648 0.0203142 -0.0361658
1.39418e-11 -0.056416 0.02025 -0.036166
1.39525e-11 -0.0563933 0.0202269 -0.0361664
1.39632e-11 -0.0564066 0.02024 -0.0361666
1.39739e-11 -0.0564538 0.0202876 -0.0361662
1.39846e-11 -0.0565387 0.0203726 -0.036166
1.39953e-11 -0.0566606 0.0204936 -0.036167
1.4006e-11 -0.0568026 0.0206339 -0.0361687
1.40167e-11 -0.0569376 0.0207679 -0.0361697
1.40274e-11 -0.0570471 0.0208776 -0.0361695
1.40381e-11 -0.0571308 0.0209625 -0.0361684
1.40488e-11 -0.0572015 0.0210342 -0.0361673
1.40594e-11 -0.057272 0.0211051 -0.0361668
1.40701e-11 -0.0573467 0.0211797 -0.036167
1.40808e-11 -0.0574211 0.0212536 -0.0361674
1.40915e-11 -0.0574866 0.0213189 -0.0361678
1.41022e-11 -0.0575368 0.021369 -0.0361677
1.41129e-11 -0.0575711 0.021404 -0.0361672
1.41236e-11 -0.0575963 0.0214298 -0.0361666
1.41343e-11 -0.0576207 0.0214545 -0.0361662
1.4145e-11 -0.057649 0.0214829 -0.0361662
1.41557e-11 -0.0576819 0.0215155 -0.0361664
1.41664e-11 -0.0577159 0.0215491 -0.0361668
1.41771e-11 -0.057744 0.0215765 -0.0361675
1.41878e-11 -0.0577552 0.0215868 -0.0361684
1.41985e-11 -0.0577371 0.021568 -0.0361691
1.42092e-11 -0.0576798 0.0215102 -0.0361695
1.42199e-11 -0.0575795 0.0214102 -0.0361694
1.42306e-11 -0.0574418 0.021273 -0.0361688
1.42413e-11 -0.0572787 0.0211105 -0.0361682
1.4252e-11 -0.0571034 0.0209353 -0.036168
1.42627e-11 -0.056923 0.0207548 -0.0361683
1.42734e-11 -0.0567398 0.0205716 -0.0361682
1.42841e-11 -0.05656 0.0203928 -0.0361672
1.42948e-11 -0.0564021 0.0202366 -0.0361655
1.43055e-11 -0.0562923 0.020128 -0.0361643
1.43162e-11 -0.0562488 0.0200844 -0.0361644
1.43269e-11 -0.0562706 0.020105 -0.0361656
1.43376e-11 -0.0563399 0.0201727 -0.0361671
1.43483e-11 -0.0564323 0.020264 -0.0361683
1.4359e-11 -0.0565278 0.0203588 -0.036169
1.43697e-11 -0.0566132 0.0204439 -0.0361693
1.43804e-11 -0.0566824 0.0205133 -0.0361691
1.43911e-11 -0.0567359 0.0205672 -0.0361687
1.44018e-11 -0.0567787 0.0206104 -0.0361683
1.44125e-11 -0.0568154 0.0206472 -0.0361682
1.44232e-11 -0.0568466 0.0206784 -0.0361683
1.44339e-11 -0.056872 0.020704 -0.036168
1.44446e-11 -0.0568953 0.0207278 -0.0361674
1.44553e-11 -0.0569244 0.0207575 -0.0361669
1.4466e-11 -0.0569653 0.0207984 -0.0361669
1.44767e-11 -0.0570163 0.0208489 -0.0361674
1.44874e-11 -0.057069 0.0209011 -0.0361679
1.44981e-11 -0.0571146 0.0209468 -0.0361679
1.45088e-11 -0.0571516 0.0209844 -0.0361672
1.45195e-11 -0.0571881 0.0210219 -0.0361662
1.45302e-11 -0.0572385 0.021073 -0.0361654
1.45409e-11 -0.0573132 0.0211476 -0.0361656
1.45516e-11 -0.0574095 0.0212426 -0.0361669
1.45623e-11 -0.0575089 0.0213403 -0.0361686
1.4573e-11 -0.0575861 0.0214161 -0.03617
1.45837e-11 -0.0576208 0.0214504 -0.0361704
1.45944e-11 -0.0576068 0.021437 -0.0361698
1.46051e-11 -0.0575527 0.0213838 -0.0361689
1.46158e-11 -0.0574725 0.0213042 -0.0361683
1.46265e-11 -0.0573757 0.0212074 -0.0361682
1.46372e-11 -0.0572646 0.0210966 -0.0361679
1.46479e-11 -0.0571444 0.0209773 -0.0361671
1.46586e-11 -0.0570275 0.0208614 -0.0361662
1.46693e-11 -0.056927 0.020761 -0.036166
1.468e-11 -0.0568457 0.0206789 -0.0361668
1.46907e-11 -0.0567741 0.0206062 -0.0361679
1.47014e-11 -0.0566977 0.020529 -0.0361687
1.47121e-11 -0.0566088 0.0204406 -0.0361682
1.47228e-11 -0.0565189 0.0203527 -0.0361662
1.47335e-11 -0.0564595 0.0202954 -0.0361641
1.47442e-11 -0.0564619 0.0202979 -0.036164
1.47549e-11 -0.0565284 0.0203623 -0.0361661
1.47656e-11 -0.0566274 0.0204585 -0.0361688
1.47763e-11 -0.0567166 0.0205459 -0.0361707
1.4787e-11 -0.0567657 0.0205943 -0.0361713
1.47977e-11 -0.0567636 0.0205929 -0.0361707
1.48084e-11 -0.0567202 0.0205512 -0.036169
1.48191e-11 -0.0566618 0.0204946 -0.0361672
1.48298e-11 -0.0566167 0.0204503 -0.0361664
1.48405e-11 -0.0565987 0.0204321 -0.0361667
1.48512e-11 -0.0566069 0.02044 -0.0361669
1.48619e-11 -0.05664 0.0204737 -0.0361663
1.48726e-11 -0.0567059 0.0205403 -0.0361655
1.48833e-11 -0.0568129 0.0206469 -0.0361659
1.4894e-11 -0.0569514 0.0207836 -0.0361678
1.49047e-11 -0.0570906 0.020921 -0.0361697
1.49154e-11 -0.0571971 0.0210265 -0.0361706
1.49261e-11 -0.0572507 0.0210801 -0.0361706
1.49368e-11 -0.0572464 0.0210763 -0.0361701
1.49475e-11 -0.0571881 0.0210185 -0.0361695
1.49582e-11 -0.0570823 0.0209134 -0.0361689
1.49689e-11 -0.0569382 0.0207701 -0.036168
1.49796e-11 -0.0567695 0.0206025 -0.036167
1.49903e-11 -0.0565936 0.0204274 -0.0361662
1.5001e-11 -0.0564249 0.0202591 -0.0361658
1.50117e-11 -0.0562726 0.0201071 -0.0361655
1.50224e-11 -0.0561446 0.0199796 -0.036165
1.50331e-11 -0.0560516 0.019887 -0.0361645
1.50438e-11 -0.056003 0.0198384 -0.0361646
1.50545e-11 -0.0559989 0.0198335 -0.0361655
1.50652e-11 -0.0560281 0.0198615 -0.0361666
1.50759e-11 -0.0560747 0.0199073 -0.0361674
1.50866e-11 -0.0561262 0.0199582 -0.036168
1.50973e-11 -0.0561746 0.0200062 -0.0361683
1.5108e-11 -0.0562148 0.0200462 -0.0361686
1.51187e-11 -0.0562444 0.0200756 -0.0361687
1.51294e-11 -0.056264 0.0200957 -0.0361683
1.51401e-11 -0.0562834 0.0201164 -0.0361669
1.51508e-11 -0.0563244 0.0201592 -0.0361652
1.51615e-11 -0.0564134 0.0202492 -0.0361643
1.51722e-11 -0.0565628 0.0203977 -0.0361652
1.51829e-11 -0.0567572 0.0205896 -0.0361676
1.51936e-11 -0.0569581 0.020788 -0.0361702
1.52043e-11 -0.0571241 0.0209523 -0.0361718
1.5215e-11 -0.0572264 0.0210539 -0.0361725
1.52257e-11 -0.0572535 0.0210814 -0.0361721
1.52364e-11 -0.0572106 0.0210397 -0.0361709
1.52471e-11 -0.0571168 0.0209473 -0.0361694
1.52578e-11 -0.0569962 0.0208278 -0.0361683
1.52685e-11 -0.0568679 0.0207003 -0.0361675
1.52792e-11 -0.056747 0.0205806 -0.0361663
1.52899e-11 -0.0566522 0.0204872 -0.0361649
1.53006e-11 -0.0566032 0.0204391 -0.0361641
1.53113e-11 -0.056611 0.0204469 -0.0361641
1.5322e-11 -0.0566736 0.0205088 -0.0361648
1.53327e-11 -0.0567774 0.0206113 -0.0361661
1.53434e-11 -0.0568995 0.0207318 -0.0361677
1.53541e-11 -0.0570122 0.020843 -0.0361691
1.53648e-11 -0.0570911 0.0209213 -0.0361698
1.53755e-11 -0.0571248 0.0209554 -0.0361693
1.53862e-11 -0.0571181 0.0209499 -0.0361682
1.53969e-11 -0.0570871 0.0209199 -0.0361671
1.54076e-11 -0.0570475 0.0208808 -0.0361667
1.54183e-11 -0.0570071 0.0208403 -0.0361668
1.5429e-11 -0.0569659 0.020799 -0.0361669
1.54397e-11 -0.0569258 0.0207595 -0.0361662
1.54504e-11 -0.0568975 0.0207323 -0.0361652
1.54611e-11 -0.0568979 0.0207332 -0.0361647
1.54718e-11 -0.0569358 0.0207706 -0.0361652
1.54825e-11 -0.057006 0.0208399 -0.0361661
1.54932e-11 -0.0570969 0.0209301 -0.0361668
1.55039e-11 -0.0571989 0.0210313 -0.0361676
1.55146e-11 -0.0573 0.021131 -0.0361689
1.55253e-11 -0.0573807 0.0212105 -0.0361703
1.5536e-11 -0.0574223 0.0212514 -0.0361709
1.55467e-11 -0.057417 0.0212466 -0.0361704
1.55574e-11 -0.0573729 0.0212039 -0.036169
1.55681e-11 -0.0573126 0.0211454 -0.0361672
1.55788e-11 -0.0572644 0.0210984 -0.036166
1.55895e-11 -0.0572474 0.0210812 -0.0361661
1.56002e-11 -0.0572609 0.0210935 -0.0361674
1.56109e-11 -0.0572883 0.0211197 -0.0361686
1.56216e-11 -0.0573128 0.021144 -0.0361688
1.56323e-11 -0.0573315 0.0211634 -0.036168
1.5643e-11 -0.057353 0.0211852 -0.0361678
1.56537e-11 -0.0573785 0.0212095 -0.036169
1.56644e-11 -0.0573881 0.0212173 -0.0361708
1.56751e-11 -0.0573553 0.0211843 -0.036171
1.56858e-11 -0.0572747 0.0211055 -0.0361692
1.56965e-11 -0.0571678 0.0210005 -0.0361673
1.57072e-11 -0.0570591 0.0208919 -0.0361672
1.57179e-11 -0.0569508 0.0207822 -0.0361686
1.57286e-11 -0.056824 0.0206541 -0.03617
1.57393e-11 -0.0566624 0.0204926 -0.0361698
1.575e-11 -0.0564715 0.0203035 -0.036168
1.57607e-11 -0.056281 0.0201156 -0.0361654
1.57714e-11 -0.0561331 0.0199701 -0.036163
1.57821e-11 -0.0560666 0.0199051 -0.0361615
1.57928e-11 -0.056106 0.0199446 -0.0361614
1.58035e-11 -0.0562519 0.0200887 -0.0361631
1.58142e-11 -0.0564762 0.0203098 -0.0361664
1.58249e-11 -0.0567276 0.0205577 -0.0361699
1.58356e-11 -0.0569482 0.0207756 -0.0361726
1.58463e-11 -0.0570935 0.0209199 -0.0361736
1.5857e-11 -0.0571451 0.0209724 -0.0361728
1.58677e-11 -0.0571123 0.0209415 -0.0361709
1.58784e-11 -0.0570219 0.020853 -0.036169
1.58891e-11 -0.0569024 0.0207347 -0.0361677
1.58998e-11 -0.0567739 0.0206069 -0.0361671
1.59105e-11 -0.0566487 0.0204822 -0.0361666
1.59212e-11 -0.0565363 0.0203703 -0.0361659
1.59319e-11 -0.0564477 0.0202826 -0.0361651
1.59426e-11 -0.0563956 0.0202311 -0.0361645
1.59533e-11 -0.0563892 0.0202249 -0.0361643
1.5964e-11 -0.05643 0.0202655 -0.0361645
1.59747e-11 -0.0565128 0.0203478 -0.036165
1.59854e-11 -0.0566279 0.0204623 -0.0361656
1.59961e-11 -0.0567638 0.0205976 -0.0361662
1.60068e-11 -0.0569106 0.020744 -0.0361665
1.60175e-11 -0.0570608 0.0208939 -0.036167
1.60282e-11 -0.0572068 0.0210391 -0.0361677
1.60389e-11 -0.0573358 0.0211668 -0.0361691
1.60496e-11 -0.0574273 0.0212566 -0.0361707
1.60603e-11 -0.0574573 0.0212857 -0.0361717
1.6071e-11 -0.0574123 0.0212411 -0.0361712
1.60817e-11 -0.0572987 0.021129 -0.0361698
1.60924e-11 -0.0571391 0.0209708 -0.0361683
1.61031e-11 -0.0569578 0.0207905 -0.0361673
1.61138e-11 -0.0567747 0.0206085 -0.0361662
1.61245e-11 -0.0566121 0.0204476 -0.0361645
1.61352e-11 -0.0564997 0.0203369 -0.0361629
1.61459e-11 -0.0564627 0.0202999 -0.0361628
1.61566e-11 -0.0565024 0.0203382 -0.0361643
1.61673e-11 -0.0565976 0.0204316 -0.036166
1.6178e-11 -0.0567197 0.0205522 -0.0361675
1.61887e-11 -0.0568424 0.0206738 -0.0361687
1.61994e-11 -0.0569447 0.0207751 -0.0361695
1.62101e-11 -0.05701 0.0208398 -0.0361703
1.62208e-11 -0.0570257 0.020855 -0.0361707
1.62315e-11 -0.0569853 0.020815 -0.0361704
1.62422e-11 -0.0568951 0.020726 -0.0361692
1.62529e-11 -0.056774 0.0206064 -0.0361676
1.62636e-11 -0.0566468 0.0204806 -0.0361662
1.62743e-11 -0.056535 0.0203693 -0.0361656
1.6285e-11 -0.0564482 0.0202822 -0.0361661
1.62957e-11 -0.0563809 0.0202136 -0.0361673
1.63064e-11 -0.0563156 0.020147 -0.0361686
1.63171e-11 -0.0562345 0.0200653 -0.0361692
1.63278e-11 -0.05613 0.0199613 -0.0361687
1.63385e-11 -0.0560108 0.0198435 -0.0361673
1.63492e-11 -0.0559001 0.0197345 -0.0361656
1.63599e-11 -0.0558243 0.0196596 -0.0361647
1.63706e-11 -0.0558001 0.0196354 -0.0361646
1.63813e-11 -0.055831 0.0196661 -0.0361649
1.6392e-11 -0.0559139 0.0197488 -0.0361651
1.64027e-11 -0.0560444 0.0198788 -0.0361657
1.64134e-11 -0.0562106 0.0200433 -0.0361673
1.64241e-11 -0.0563845 0.0202151 -0.0361694
1.64348e-11 -0.0565319 0.020361 -0.0361709
1.64455e-11 -0.0566287 0.0204574 -0.0361712
1.64562e-11 -0.0566686 0.0204981 -0.0361704
1.64669e-11 -0.056665 0.0204964 -0.0361686
1.64776e-11 -0.0566471 0.0204805 -0.0361666
1.64883e-11 -0.0566456 0.0204797 -0.0361659
1.6499e-11 -0.0566734 0.0205068 -0.0361666
1.65097e-11 -0.0567221 0.0205542 -0.0361678
1.65204e-11 -0.0567753 0.020607 -0.0361683
1.65311e-11 -0.0568254 0.0206572 -0.0361682
1.65418e-11 -0.0568729 0.0207046 -0.0361683
1.65525e-11 -0.056915 0.020746 -0.036169
1.65632e-11 -0.05694 0.0207702 -0.0361698
1.65739e-11 -0.0569358 0.0207661 -0.0361697
1.65846e-11 -0.0569028 0.0207345 -0.0361683
1.65953e-11 -0.0568601 0.0206939 -0.0361662
1.6606e-11 -0.0568362 0.0206715 -0.0361646
1.66167e-11 -0.0568519 0.0206875 -0.0361644
1.66274e-11 -0.0569084 0.020743 -0.0361654
1.66381e-11 -0.0569896 0.0208231 -0.0361665
1.66488e-11 -0.0570771 0.0209101 -0.036167
1.66595e-11 -0.0571615 0.0209948 -0.0361667
1.66702e-11 -0.0572435 0.0210772 -0.0361662
1.66809e-11 -0.0573269 0.0211609 -0.036166
1.66916e-11 -0.0574126 0.0212464 -0.0361663
1.67023e-11 -0.0574953 0.0213286 -0.0361667
1.6713e-11 -0.0575667 0.0213997 -0.036167
1.67237e-11 -0.0576209 0.021454 -0.0361669
1.67344e-11 -0.0576582 0.0214916 -0.0361666
1.67451e-11 -0.0576806 0.0215139 -0.0361667
1.67558e-11 -0.057686 0.0215187 -0.0361672
1.67665e-11 -0.0576675 0.0214999 -0.0361677
1.67772e-11 -0.05762 0.0214522 -0.0361679
1.67879e-11 -0.0575426 0.0213747 -0.0361679
1.67986e-11 -0.057438 0.0212702 -0.0361678
1.68093e-11 -0.057313 0.0211456 -0.0361673
1.682e-11 -0.0571808 0.0210145 -0.0361663
1.68307e-11 -0.0570627 0.0208977 -0.0361649
1.68414e-11 -0.0569843 0.0208206 -0.0361636
1.68521e-11 -0.0569682 0.0208049 -0.0361633
1.68628e-11 -0.0570209 0.0208562 -0.0361647
1.68735e-11 -0.0571218 0.0209543 -0.0361675
1.68842e-11 -0.0572296 0.0210594 -0.0361703
1.68949e-11 -0.0573028 0.021131 -0.0361718
1.69056e-11 -0.0573179 0.0211463 -0.0361716
1.69163e-11 -0.0572776 0.0211075 -0.0361701
1.6927e-11 -0.0572049 0.0210367 -0.0361682
1.69377e-11 -0.0571298 0.020963 -0.0361668
1.69484e-11 -0.0570762 0.0209101 -0.0361661
1.69591e-11 -0.0570564 0.0208902 -0.0361663
1.69698e-11 -0.0570696 0.0209024 -0.0361672
1.69805e-11 -0.0571035 0.020935 -0.0361685
1.69912e-11 -0.0571402 0.0209709 -0.0361693
1.70019e-11 -0.0571682 0.0209993 -0.0361689
1.70126e-11 -0.0571934 0.021026 -0.0361673
1.70233e-11 -0.0572371 0.0210713 -0.0361659
1.7034e-11 -0.057318 0.021152 -0.036166
1.70447e-11 -0.0574319 0.0212641 -0.0361678
1.70554e-11 -0.0575489 0.0213787 -0.0361703
1.70661e-11 -0.057629 0.0214571 -0.0361719
1.70768e-11 -0.0576445 0.0214725 -0.0361719
1.70875e-11 -0.0575931 0.0214228 -0.0361703
1.70982e-11 -0.0574976 0.0213297 -0.0361679
1.71089e-11 -0.0573941 0.0212285 -0.0361655
1.71196e-11 -0.0573187 0.0211547 -0.036164
1.71303e-11 -0.0572949 0.0211311 -0.0361638
1.7141e-11 -0.0573252 0.0211604 -0.0361649
1.71517e-11 -0.0573914 0.0212247 -0.0361667
1.71624e-11 -0.057463 0.0212942 -0.0361689
1.71731e-11 -0.0575056 0.0213347 -0.036171
1.71838e-11 -0.057487 0.0213144 -0.0361726
1.71945e-11 -0.0573853 0.0212123 -0.036173
1.72052e-11 -0.0571989 0.0210269 -0.036172
1.72159e-11 -0.0569493 0.0207791 -0.0361702
1.72266e-11 -0.0566703 0.0205017 -0.0361685
1.72373e-11 -0.0563937 0.0202262 -0.0361675
1.7248e-11 -0.0561423 0.0199756 -0.0361667
1.72587e-11 -0.0559342 0.0197686 -0.0361655
1.72694e-11 -0.05579 0.0196257 -0.0361643
1.72801e-11 -0.0557289 0.0195647 -0.0361642
1.72908e-11 -0.0557497 0.0195834 -0.0361664
1.73015e-11 -0.0558204 0.0196513 -0.0361691
1.73122e-11 -0.0558986 0.019728 -0.0361706
1.73229e-11 -0.0559594 0.0197891 -0.0361703
1.73336e-11 -0.0560036 0.0198349 -0.0361687
1.73443e-11 -0.0560524 0.0198861 -0.0361664
1.7355e-11 -0.0561371 0.0199726 -0.0361645
1.73657e-11 -0.0562816 0.0201174 -0.0361642
1.73764e-11 -0.0564853 0.0203193 -0.0361659
1.73871e-11 -0.0567187 0.0205502 -0.0361685
1.73978e-11 -0.056938 0.0207673 -0.0361707
1.74085e-11 -0.0571051 0.0209334 -0.0361717
1.74192e-11 -0.0571988 0.0210272 -0.0361717
1.74299e-11 -0.0572148 0.0210437 -0.0361711
1.74406e-11 -0.0571587 0.0209883 -0.0361704
1.74513e-11 -0.0570412 0.0208716 -0.0361696
1.7462e-11 -0.0568767 0.0207082 -0.0361686
1.74727e-11 -0.0566851 0.0205179 -0.0361672
1.74834e-11 -0.0564916 0.0203258 -0.0361658
1.74941e-11 -0.0563226 0.0201579 -0.0361647
1.75048e-11 -0.056199 0.0200351 -0.0361639
1.75155e-11 -0.056136 0.0199725 -0.0361635
1.75262e-11 -0.0561409 0.0199768 -0.0361641
1.75369e-11 -0.0562041 0.020038 -0.0361661
1.75476e-11 -0.0562973 0.020129 -0.0361683
1.75583e-11 -0.0563876 0.020218 -0.0361696
1.7569e-11 -0.0564567 0.0202872 -0.0361695
1.75797e-11 -0.0565056 0.0203366 -0.0361689
1.75904e-11 -0.0565433 0.0203745 -0.0361688
1.76011e-11 -0.0565753 0.0204063 -0.036169
1.76118e-11 -0.0566025 0.0204336 -0.0361689
1.76225e-11 -0.0566286 0.0204601 -0.0361685
1.76332e-11 -0.0566587 0.0204901 -0.0361686
1.76439e-11 -0.0566884 0.0205188 -0.0361696
1.76546e-11 -0.0567013 0.0205309 -0.0361704
1.76653e-11 -0.056683 0.0205128 -0.0361702
1.7676e-11 -0.0566341 0.0204649 -0.0361692
1.76867e-11 -0.0565682 0.0204002 -0.036168
1.76974e-11 -0.0565021 0.0203349 -0.0361672
1.77081e-11 -0.0564491 0.0202825 -0.0361666
1.77188e-11 -0.0564192 0.0202531 -0.0361661
1.77295e-11 -0.0564203 0.0202544 -0.0361659
1.77402e-11 -0.0564543 0.0202881 -0.0361663
1.77509e-11 -0.0565146 0.0203475 -0.0361671
1.77616e-11 -0.0565872 0.0204192 -0.036168
1.77723e-11 -0.0566573 0.0204887 -0.0361686
1.7783e-11 -0.0567131 0.0205439 -0.0361692
1.77937e-11 -0.0567441 0.0205741 -0.03617
1.78044e-11 -0.0567384 0.0205678 -0.0361706
1.78151e-11 -0.0566893 0.0205189 -0.0361704
1.78258e-11 -0.0566041 0.0204352 -0.0361689
1.78365e-11 -0.0565084 0.0203418 -0.0361666
1.78472e-11 -0.0564387 0.0202741 -0.0361646
1.78579e-11 -0.0564269 0.0202629 -0.036164
1.78686e-11 -0.0564818 0.0203161 -0.0361657
1.78793e-11 -0.0565778 0.0204089 -0.0361689
1.789e-11 -0.0566662 0.0204944 -0.0361718
1.79007e-11 -0.0567013 0.020528 -0.0361733
1.79114e-11 -0.0566585 0.0204853 -0.0361732
1.79221e-11 -0.0565385 0.0203666 -0.0361718
1.79328e-11 -0.056363 0.0201934 -0.0361696
1.79435e-11 -0.0561682 0.0200009 -0.0361673
1.79542e-11 -0.055992 0.0198263 -0.0361658
1.79649e-11 -0.0558615 0.019696 -0.0361654
1.79756e-11 -0.0557866 0.0196208 -0.0361658
1.79863e-11 -0.0557666 0.0196005 -0.0361661
1.7997e-11 -0.0557998 0.0196337 -0.0361661
1.80077e-11 -0.0558871 0.019721 -0.0361661
1.80184e-11 -0.0560284 0.0198621 -0.0361664
1.80291e-11 -0.0562179 0.0200509 -0.0361671
1.80398e-11 -0.056442 0.0202737 -0.0361683
1.80505e-11 -0.0566774 0.0205074 -0.03617
1.80612e-11 -0.0568937 0.020722 -0.0361717
1.80719e-11 -0.0570593 0.0208864 -0.0361728
1.80825e-11 -0.0571514 0.0209786 -0.0361728
1.80932e-11 -0.0571658 0.0209944 -0.0361715
1.81039e-11 -0.0571181 0.0209486 -0.0361695
1.81146e-11 -0.0570344 0.0208666 -0.0361678
1.81253e-11 -0.0569385 0.0207717 -0.0361668
1.8136e-11 -0.0568461 0.0206799 -0.0361662
1.81467e-11 -0.0567681 0.0206025 -0.0361656
1.81574e-11 -0.0567127 0.0205472 -0.0361655
1.81681e-11 -0.0566802 0.0205139 -0.0361663
1.81788e-11 -0.0566591 0.0204917 -0.0361674
1.81895e-11 -0.056634 0.0204661 -0.036168
1.82002e-11 -0.0565965 0.0204285 -0.036168
1.82109e-11 -0.0565478 0.0203801 -0.0361677
1.82216e-11 -0.0564973 0.0203305 -0.0361669
1.82323e-11 -0.0564643 0.020299 -0.0361653
1.8243e-11 -0.0564752 0.0203105 -0.0361647
1.82537e-11 -0.0565399 0.0203732 -0.0361666
1.82644e-11 -0.0566319 0.0204625 -0.0361694
1.82751e-11 -0.0567097 0.0205389 -0.0361709
1.82858e-11 -0.0567478 0.020577 -0.0361708
1.82965e-11 -0.0567444 0.0205746 -0.0361697
1.83072e-11 -0.0567136 0.0205453 -0.0361683
1.83179e-11 -0.0566766 0.0205095 -0.0361671
1.83286e-11 -0.0566509 0.0204839 -0.036167
1.83393e-11 -0.0566379 0.0204693 -0.0361686
1.835e-11 -0.0566175 0.0204468 -0.0361707
1.83607e-11 -0.0565626 0.0203908 -0.0361718
1.83714e-11 -0.0564614 0.0202903 -0.0361712
1.83821e-11 -0.0563277 0.0201584 -0.0361693
1.83928e-11 -0.0561945 0.0200273 -0.0361671
1.84035e-11 -0.0560972 0.019931 -0.0361662
1.84142e-11 -0.0560535 0.0198865 -0.036167
1.84249e-11 -0.0560543 0.0198854 -0.0361688
1.84356e-11 -0.0560749 0.0199047 -0.0361701
1.84463e-11 -0.056096 0.0199257 -0.0361703
1.8457e-11 -0.0561114 0.019941 -0.0361704
1.84677e-11 -0.0561166 0.0199458 -0.0361708
1.84784e-11 -0.0561029 0.0199317 -0.0361712
1.84891e-11 -0.0560637 0.0198929 -0.0361707
1.84998e-11 -0.0560048 0.0198357 -0.0361691
1.85105e-11 -0.0559488 0.0197818 -0.036167
1.85212e-11 -0.0559258 0.0197601 -0.0361657
1.85319e-11 -0.0559548 0.0197889 -0.036166
1.85426e-11 -0.0560324 0.0198652 -0.0361672
1.85533e-11 -0.0561418 0.0199739 -0.0361679
1.8564e-11 -0.0562713 0.0201035 -0.0361678
1.85747e-11 -0.056418 0.0202501 -0.0361679
1.85854e-11 -0.0565779 0.0204096 -0.0361683
1.85961e-11 -0.0567415 0.0205728 -0.0361687
1.86068e-11 -0.0568984 0.0207294 -0.036169
1.86175e-11 -0.0570402 0.0208709 -0.0361692
1.86282e-11 -0.0571594 0.0209897 -0.0361697
1.86389e-11 -0.0572467 0.0210765 -0.0361702
1.86496e-11 -0.057293 0.0211225 -0.0361705
1.86603e-11 -0.0572939 0.0211236 -0.0361703
1.8671e-11 -0.0572535 0.0210839 -0.0361696
1.86817e-11 -0.0571843 0.0210158 -0.0361686
1.86924e-11 -0.0571034 0.0209358 -0.0361676
1.87031e-11 -0.057027 0.0208601 -0.0361669
1.87138e-11 -0.0569659 0.0207989 -0.036167
1.87245e-11 -0.0569183 0.0207501 -0.0361683
1.87352e-11 -0.0568672 0.0206973 -0.03617
1.87459e-11 -0.0567889 0.0206178 -0.0361712
1.87566e-11 -0.0566673 0.0204961 -0.0361713
1.87673e-11 -0.0565036 0.0203335 -0.0361701
1.8778e-11 -0.0563176 0.0201494 -0.0361682
1.87887e-11 -0.0561398 0.0199732 -0.0361665
1.87994e-11 -0.0559978 0.0198322 -0.0361656
1.88101e-11 -0.055908 0.0197428 -0.0361652
1.88208e-11 -0.0558768 0.0197119 -0.036165
1.88315e-11 -0.0559065 0.0197418 -0.0361647
1.88422e-11 -0.0559976 0.0198329 -0.0361647
1.88529e-11 -0.056147 0.0199819 -0.0361651
1.88636e-11 -0.0563442 0.0201779 -0.0361663
1.88743e-11 -0.0565666 0.0203982 -0.0361684
1.8885e-11 -0.056779 0.0206081 -0.0361709
1.88957e-11 -0.056942 0.0207692 -0.0361727
1.89064e-11 -0.0570261 0.0208529 -0.0361732
1.89171e-11 -0.0570242 0.0208523 -0.0361719
1.89278e-11 -0.0569564 0.0207872 -0.0361692
1.89385e-11 -0.0568638 0.0206977 -0.0361661
1.89492e-11 -0.0567934 0.0206296 -0.0361637
1.89599e-11 -0.0567807 0.0206178 -0.0361629
1.89706e-11 -0.0568377 0.0206738 -0.0361639
1.89813e-11 -0.0569489 0.0207826 -0.0361662
1.8992e-11 -0.0570777 0.0209086 -0.0361691
1.90027e-11 -0.0571798 0.0210084 -0.0361714
1.90134e-11 -0.0572209 0.0210488 -0.0361721
1.90241e-11 -0.0571918 0.0210209 -0.0361709
1.90348e-11 -0.0571109 0.020942 -0.0361689
1.90455e-11 -0.057009 0.0208416 -0.0361674
1.90562e-11 -0.0569101 0.0207435 -0.0361666
1.90669e-11 -0.0568289 0.0206632 -0.0361657
1.90776e-11 -0.0567783 0.0206134 -0.0361649
1.90883e-11 -0.0567675 0.0206027 -0.0361648
1.9099e-11 -0.0567958 0.0206302 -0.0361655
1.91097e-11 -0.0568498 0.0206831 -0.0361667
1.91204e-11 -0.0569094 0.0207416 -0.0361678
1.91311e-11 -0.0569556 0.0207873 -0.0361684
1.91418e-11 -0.0569775 0.0208093 -0.0361682
1.91525e-11 -0.0569745 0.0208068 -0.0361677
1.91632e-11 -0.0569533 0.0207863 -0.036167
1.91739e-11 -0.0569229 0.0207563 -0.0361666
1.91846e-11 -0.0568885 0.0207219 -0.0361666
1.91953e-11 -0.0568501 0.0206833 -0.0361668
1.9206e-11 -0.0568055 0.0206386 -0.0361669
1.92167e-11 -0.0567547 0.0205879 -0.0361669
1.92274e-11 -0.0566997 0.0205325 -0.0361671
1.92381e-11 -0.0566388 0.0204709 -0.0361678
1.92488e-11 -0.0565642 0.0203955 -0.0361687
1.92595e-11 -0.0564668 0.0202978 -0.036169
1.92702e-11 -0.0563465 0.0201784 -0.0361682
1.92809e-11 -0.0562191 0.0200526 -0.0361665
1.92916e-11 -0.0561111 0.0199459 -0.0361651
1.93023e-11 -0.0560438 0.0198788 -0.036165
1.9313e-11 -0.0560203 0.0198543 -0.036166
1.93237e-11 -0.0560265 0.0198594 -0.0361671
1.93344e-11 -0.0560463 0.0198789 -0.0361674
1.93451e-11 -0.0560731 0.0199059 -0.0361672
1.93558e-11 -0.0561091 0.0199422 -0.0361669
1.93665e-11 -0.0561569 0.0199898 -0.0361671
1.93772e-11 -0.0562145 0.0200472 -0.0361673
1.93879e-11 -0.0562798 0.0201128 -0.036167
1.93986e-11 -0.0563562 0.0201896 -0.0361666
1.94093e-11 -0.0564489 0.0202823 -0.0361666
1.942e-11 -0.0565559 0.0203887 -0.0361673
1.94307e-11 -0.0566666 0.0204986 -0.036168
1.94414e-11 -0.056769 0.0206006 -0.0361684
1.94521e-11 -0.0568554 0.0206868 -0.0361686
1.94628e-11 -0.0569223 0.0207538 -0.0361686
1.94735e-11 -0.0569701 0.0208018 -0.0361683
1.94842e-11 -0.0570021 0.0208341 -0.036168
1.94949e-11 -0.0570227 0.0208546 -0.0361681
1.95056e-11 -0.0570311 0.0208624 -0.0361687
1.95163e-11 -0.0570177 0.0208479 -0.0361698
1.9527e-11 -0.056968 0.0207975 -0.0361705
1.95377e-11 -0.0568726 0.0207021 -0.0361704
1.95484e-11 -0.056733 0.0205632 -0.0361698
1.95591e-11 -0.0565616 0.0203929 -0.0361687
1.95698e-11 -0.056379 0.0202118 -0.0361671
1.95805e-11 -0.0562126 0.0200473 -0.0361653
1.95912e-11 -0.0560938 0.0199301 -0.0361637
1.96019e-11 -0.0560483 0.0198851 -0.0361631
1.96126e-11 -0.0560855 0.0199216 -0.0361639
1.96233e-11 -0.0561938 0.020028 -0.0361658
1.9634e-11 -0.0563436 0.0201755 -0.0361681
1.96447e-11 -0.0564991 0.0203292 -0.0361699
1.96554e-11 -0.0566307 0.0204599 -0.0361708
1.96661e-11 -0.0567217 0.0205507 -0.036171
1.96768e-11 -0.0567671 0.0205966 -0.0361705
1.96875e-11 -0.0567732 0.020604 -0.0361692
1.96982e-11 -0.0567592 0.0205918 -0.0361673
1.97089e-11 -0.0567517 0.0205857 -0.036166
1.97196e-11 -0.0567704 0.0206043 -0.0361661
1.97303e-11 -0.0568152 0.020648 -0.0361672
1.9741e-11 -0.0568701 0.0207015 -0.0361686
1.97517e-11 -0.0569142 0.020744 -0.0361702
1.97624e-11 -0.0569234 0.0207514 -0.0361721
1.97731e-11 -0.056873 0.0207001 -0.0361729
1.97838e-11 -0.0567558 0.0205849 -0.0361709
1.97945e-11 -0.0566061 0.0204393 -0.0361668
1.98052e-11 -0.0564841 0.0203195 -0.0361646
1.98159e-11 -0.0564222 0.0202561 -0.0361661
1.98266e-11 -0.0564013 0.0202329 -0.0361684
1.98373e-11 -0.0563859 0.0202164 -0.0361695
1.9848e-11 -0.0563572 0.0201882 -0.0361691
1.98587e-11 -0.0563209 0.0201533 -0.0361676
1.98694e-11 -0.0562986 0.0201326 -0.036166
1.98801e-11 -0.0563147 0.0201496 -0.0361651
1.98908e-11 -0.0563855 0.0202207 -0.0361648
1.99015e-11 -0.0565158 0.0203505 -0.0361652
1.99122e-11 -0.0566991 0.0205328 -0.0361664
1.99229e-11 -0.0569156 0.020747 -0.0361686
1.99336e-11 -0.0571283 0.0209566 -0.0361717
1.99443e-11 -0.057287 0.0211123 -0.0361747
1.9955e-11 -0.0573441 0.0211678 -0.0361763
1.99657e-11 -0.0572751 0.0210995 -0.0361756
1.99764e-11 -0.0570921 0.0209194 -0.0361727
1.99871e-11 -0.0568429 0.0206746 -0.0361683
1.99978e-11 -0.0565983 0.0204344 -0.0361638
2.00085e-11 -0.0564294 0.0202682 -0.0361611
2.00192e-11 -0.0563791 0.0202176 -0.0361615
2.00299e-11 -0.0564428 0.0202783 -0.0361645
2.00406e-11 -0.0565749 0.0204066 -0.0361682
2.00513e-11 -0.0567163 0.0205456 -0.0361708
2.0062e-11 -0.0568226 0.0206511 -0.0361716
2.00727e-11 -0.056875 0.0207039 -0.0361711
2.00834e-11 -0.0568759 0.0207059 -0.03617
2.00941e-11 -0.056839 0.0206702 -0.0361688
2.01048e-11 -0.0567823 0.0206147 -0.0361676
2.01155e-11 -0.0567247 0.0205581 -0.0361666
2.01262e-11 -0.0566835 0.0205175 -0.036166
2.01369e-11 -0.0566683 0.0205022 -0.0361661
2.01476e-11 -0.0566793 0.0205129 -0.0361664
2.01583e-11 -0.056712 0.0205454 -0.0361666
2.0169e-11 -0.0567612 0.0205943 -0.0361669
2.01797e-11 -0.0568211 0.020654 -0.0361671
2.01904e-11 -0.0568865 0.0207194 -0.0361672
2.02011e-11 -0.0569547 0.0207877 -0.036167
2.02118e-11 -0.0570251 0.0208581 -0.036167
2.02225e-11 -0.0570948 0.0209273 -0.0361674
2.02332e-11 -0.0571556 0.0209874 -0.0361682
2.02439e-11 -0.0571952 0.0210262 -0.036169
2.02546e-11 -0.0572003 0.0210305 -0.0361698
2.02653e-11 -0.0571592 0.0209886 -0.0361706
2.0276e-11 -0.0570628 0.0208918 -0.0361709
2.02867e-11 -0.0569099 0.0207394 -0.0361705
2.02974e-11 -0.0567132 0.0205443 -0.036169
2.03081e-11 -0.0565011 0.0203342 -0.0361669
2.03188e-11 -0.0563094 0.0201441 -0.0361653
2.03295e-11 -0.0561665 0.0200014 -0.0361651
2.03402e-11 -0.056078 0.0199112 -0.0361668
2.03509e-11 -0.0560224 0.0198535 -0.0361689
2.03616e-11 -0.0559712 0.0198016 -0.0361696
2.03723e-11 -0.0559149 0.0197463 -0.0361686
2.0383e-11 -0.0558667 0.019699 -0.0361678
2.03937e-11 -0.0558371 0.0196687 -0.0361683
2.04044e-11 -0.055818 0.0196493 -0.0361686
2.04151e-11 -0.0558028 0.0196347 -0.0361681
2.04258e-11 -0.0557955 0.0196278 -0.0361677
2.04365e-11 -0.0557991 0.0196314 -0.0361677
2.04472e-11 -0.055813 0.0196456 -0.0361673
2.04579e-11 -0.0558411 0.0196745 -0.0361665
2.04686e-11 -0.0558924 0.0197263 -0.0361661
2.04793e-11 -0.0559701 0.0198034 -0.0361666
2.049e-11 -0.0560638 0.019896 -0.0361677
2.05007e-11 -0.0561549 0.0199864 -0.0361685
2.05114e-11 -0.0562285 0.0200598 -0.0361687
2.05221e-11 -0.0562772 0.0201086 -0.0361686
2.05328e-11 -0.0562997 0.0201314 -0.0361684
2.05435e-11 -0.0562983 0.0201302 -0.036168
2.05542e-11 -0.0562769 0.0201093 -0.0361676
2.05649e-11 -0.0562423 0.0200753 -0.036167
2.05756e-11 -0.0562051 0.0200391 -0.036166
2.05863e-11 -0.0561805 0.0200153 -0.0361651
2.0597e-11 -0.0561822 0.0200174 -0.0361648
2.06077e-11 -0.0562149 0.0200494 -0.0361654
2.06184e-11 -0.0562695 0.0201029 -0.0361667
2.06291e-11 -0.0563279 0.0201602 -0.0361678
2.06398e-11 -0.0563741 0.0202059 -0.0361681
2.06505e-11 -0.0564022 0.0202343 -0.0361679
2.06612e-11 -0.056416 0.0202485 -0.0361675
2.06719e-11 -0.0564225 0.0202552 -0.0361673
2.06826e-11 -0.0564259 0.0202585 -0.0361674
2.06933e-11 -0.0564273 0.0202601 -0.0361672
2.0704e-11 -0.0564322 0.0202659 -0.0361662
2.07147e-11 -0.0564551 0.0202902 -0.0361649
2.07254e-11 -0.0565147 0.0203505 -0.0361641
2.07361e-11 -0.0566211 0.0204566 -0.0361645
2.07468e-11 -0.0567668 0.0206007 -0.0361662
2.07575e-11 -0.0569254 0.0207571 -0.0361683
2.07682e-11 -0.0570641 0.0208946 -0.0361695
2.07789e-11 -0.0571646 0.0209955 -0.0361691
2.07896e-11 -0.0572318 0.0210637 -0.0361681
2.08003e-11 -0.0572781 0.0211091 -0.036169
2.0811e-11 -0.0572914 0.0211194 -0.036172
2.08217e-11 -0.0572319 0.0210574 -0.0361745
2.08324e-11 -0.0570701 0.020896 -0.0361741
2.08431e-11 -0.0568197 0.020649 -0.0361706
2.08538e-11 -0.0565424 0.0203772 -0.0361652
2.08645e-11 -0.0563278 0.020167 -0.0361608
2.08752e-11 -0.0562467 0.0200863 -0.0361603
2.08859e-11 -0.056309 0.0201452 -0.0361638
2.08966e-11 -0.0564634 0.0202946 -0.0361688
2.09073e-11 -0.0566322 0.0204593 -0.036173
2.0918e-11 -0.0567477 0.0205729 -0.0361748
2.09287e-11 -0.0567779 0.0206044 -0.0361735
2.09394e-11 -0.0567376 0.0205676 -0.0361701
2.09501e-11 -0.0566737 0.0205071 -0.0361666
2.09608e-11 -0.0566337 0.0204687 -0.036165
2.09715e-11 -0.0566403 0.0204752 -0.0361651
2.09822e-11 -0.0566897 0.0205237 -0.036166
2.09929e-11 -0.0567662 0.0205997 -0.0361665
2.10036e-11 -0.0568571 0.0206905 -0.0361666
2.10143e-11 -0.0569558 0.0207892 -0.0361666
2.1025e-11 -0.0570577 0.0208906 -0.0361671
2.10357e-11 -0.0571519 0.0209835 -0.0361684
2.10464e-11 -0.0572182 0.0210479 -0.0361702
2.10571e-11 -0.0572312 0.0210594 -0.0361718
2.10678e-11 -0.057172 0.0209997 -0.0361722
2.10785e-11 -0.05704 0.0208688 -0.0361712
2.10892e-11 -0.056858 0.020689 -0.036169
2.10999e-11 -0.0566663 0.0205 -0.0361663
2.11106e-11 -0.0565107 0.0203466 -0.0361641
2.11213e-11 -0.0564289 0.0202659 -0.036163
2.1132e-11 -0.0564394 0.020276 -0.0361634
2.11427e-11 -0.0565364 0.0203714 -0.036165
2.11534e-11 -0.0566944 0.0205273 -0.0361671
2.11641e-11 -0.0568778 0.0207085 -0.0361693
2.11748e-11 -0.0570493 0.020878 -0.0361713
2.11855e-11 -0.0571746 0.0210016 -0.036173
2.11962e-11 -0.0572256 0.0210517 -0.0361739
2.12069e-11 -0.0571885 0.021015 -0.0361734
2.12176e-11 -0.0570712 0.0208993 -0.0361719
2.12283e-11 -0.0569004 0.0207307 -0.0361698
2.1239e-11 -0.0567141 0.020547 -0.0361671
2.12497e-11 -0.0565581 0.0203939 -0.0361643
2.12604e-11 -0.0564757 0.0203122 -0.0361635
2.12711e-11 -0.0564766 0.0203109 -0.0361657
2.12818e-11 -0.0565273 0.0203588 -0.0361685
2.12925e-11 -0.0565812 0.0204112 -0.0361699
2.13032e-11 -0.0566108 0.0204413 -0.0361695
2.13139e-11 -0.0566156 0.0204474 -0.0361682
2.13246e-11 -0.0566105 0.0204438 -0.0361668
2.13353e-11 -0.0566132 0.0204473 -0.0361659
2.1346e-11 -0.0566338 0.020468 -0.0361658
2.13567e-11 -0.0566723 0.0205059 -0.0361664
2.13674e-11 -0.0567193 0.0205519 -0.0361674
2.13781e-11 -0.0567595 0.020591 -0.0361685
2.13888e-11 -0.0567775 0.0206083 -0.0361692
2.13995e-11 -0.0567641 0.0205949 -0.0361692
