time[s] cohesive[eV/atom] kinetic[eV/atom] total[eV/atom]
0 -0.0749393 0.0594596 -0.0154797
1.06997e-14 -0.074847 0.059365 -0.015482
2.13995e-14 -0.0745524 0.0590671 -0.0154853
3.20992e-14 -0.0740164 0.0585254 -0.015491
4.27989e-14 -0.073172 0.0576727 -0.0154993
5.34987e-14 -0.0719238 0.0564136 -0.0155102
6.41984e-14 -0.070151 0.0546281 -0.0155229
7.48981e-14 -0.0677247 0.0521902 -0.0155345
8.55979e-14 -0.0645534 0.049014 -0.0155393
9.62976e-14 -0.0606692 0.0451405 -0.0155288
1.06997e-13 -0.0563433 0.040846 -0.0154973
1.17697e-13 -0.0521415 0.0366886 -0.0154529
1.28397e-13 -0.0487839 0.0333649 -0.015419
1.39097e-13 -0.0468035 0.0313883 -0.0154152
1.49796e-13 -0.046272 0.0308334 -0.0154386
1.60496e-13 -0.0468352 0.0313638 -0.0154714
1.71196e-13 -0.0479667 0.0324679 -0.0154988
1.81895e-13 -0.0491976 0.0336821 -0.0155155
1.92595e-13 -0.0502166 0.0346943 -0.0155223
2.03295e-13 -0.0508715 0.0353495 -0.015522
2.13995e-13 -0.0511357 0.0356188 -0.015517
2.24694e-13 -0.0510713 0.0355617 -0.0155097
2.35394e-13 -0.0507867 0.0352835 -0.0155032
2.46094e-13 -0.0503867 0.0348868 -0.0154999
2.56794e-13 -0.0499359 0.0344367 -0.0154992
2.67493e-13 -0.0494634 0.0339646 -0.0154987
2.78193e-13 -0.0489945 0.0334978 -0.0154967
2.88893e-13 -0.0485722 0.0330777 -0.0154945
2.99593e-13 -0.0482382 0.0327437 -0.0154945
3.10292e-13 -0.0480001 0.0325034 -0.0154967
3.20992e-13 -0.0478333 0.032335 -0.0154983
3.31692e-13 -0.0477155 0.0322169 -0.0154987
3.42391e-13 -0.0476381 0.032139 -0.0154991
3.53091e-13 -0.0475938 0.0320945 -0.0154993
3.63791e-13 -0.0475787 0.0320792 -0.0154996
3.74491e-13 -0.0475865 0.032085 -0.0155015
3.8519e-13 -0.0475928 0.0320904 -0.0155024
3.9589e-13 -0.0475923 0.0320944 -0.015498
4.0659e-13 -0.0476533 0.032163 -0.0154903
4.1729e-13 -0.047878 0.0323887 -0.0154893
4.27989e-13 -0.048273 0.0327776 -0.0154954
4.38689e-13 -0.0487433 0.0332447 -0.0154986
4.49389e-13 -0.0492181 0.0337192 -0.0154989
4.60089e-13 -0.0496681 0.0341675 -0.0155006
4.70788e-13 -0.0500534 0.0345489 -0.0155046
4.81488e-13 -0.0503087 0.0348001 -0.0155086
4.92188e-13 -0.050375 0.0348657 -0.0155093
5.02887e-13 -0.0502452 0.0347394 -0.0155058
5.13587e-13 -0.0499769 0.0344766 -0.0155003
5.24287e-13 -0.049661 0.034165 -0.015496
5.34987e-13 -0.0493732 0.0338785 -0.0154947
5.45686e-13 -0.049145 0.033649 -0.015496
5.56386e-13 -0.0489706 0.0334738 -0.0154968
5.67086e-13 -0.0488491 0.0333548 -0.0154943
5.77786e-13 -0.0488205 0.03333 -0.0154905
5.88485e-13 -0.0489345 0.0334431 -0.0154914
5.99185e-13 -0.0491715 0.0336737 -0.0154978
6.09885e-13 -0.0494338 0.03393 -0.0155038
6.20585e-13 -0.0496231 0.0341168 -0.0155063
6.31284e-13 -0.0496911 0.0341849 -0.0155062
6.41984e-13 -0.0496355 0.0341313 -0.0155042
6.52684e-13 -0.049489 0.0339887 -0.0155003
6.63383e-13 -0.0493157 0.03382 -0.0154957
6.74083e-13 -0.0491866 0.0336932 -0.0154935
6.84783e-13 -0.0491376 0.0336426 -0.015495
6.95483e-13 -0.049149 0.0336506 -0.0154984
7.06182e-13 -0.0491721 0.0336714 -0.0155007
7.16882e-13 -0.0491743 0.0336742 -0.0155001
7.27582e-13 -0.0491657 0.0336686 -0.0154971
7.38282e-13 -0.0491914 0.0336971 -0.0154943
7.48981e-13 -0.0492915 0.0337965 -0.015495
7.59681e-13 -0.0494528 0.0339541 -0.0154986
7.70381e-13 -0.0496169 0.0341166 -0.0155003
7.81081e-13 -0.0497462 0.0342471 -0.0154991
7.9178e-13 -0.0498396 0.0343407 -0.0154989
8.0248e-13 -0.0498892 0.034389 -0.0155002
8.1318e-13 -0.0498717 0.034371 -0.0155007
8.23879e-13 -0.0497765 0.0342767 -0.0154997
8.34579e-13 -0.0496172 0.0341189 -0.0154982
8.45279e-13 -0.0494198 0.0339231 -0.0154966
8.55979e-13 -0.0492142 0.0337189 -0.0154954
8.66678e-13 -0.0490261 0.0335303 -0.0154959
8.77378e-13 -0.0488573 0.0333588 -0.0154986
8.88078e-13 -0.0486818 0.0331806 -0.0155012
8.98778e-13 -0.0484782 0.0329774 -0.0155008
9.09477e-13 -0.0482711 0.0327744 -0.0154967
9.20177e-13 -0.0481333 0.0326399 -0.0154934
9.30877e-13 -0.0481225 0.0326264 -0.0154961
9.41577e-13 -0.0482121 0.0327101 -0.015502
9.52276e-13 -0.0483281 0.0328238 -0.0155042
9.62976e-13 -0.0484396 0.0329376 -0.015502
9.73676e-13 -0.0485726 0.0330728 -0.0154998
9.84375e-13 -0.0487486 0.0332471 -0.0155015
9.95075e-13 -0.0489334 0.0334283 -0.0155051
1.00577e-12 -0.0490641 0.0335572 -0.0155069
1.01647e-12 -0.0491038 0.0335973 -0.0155065
1.02717e-12 -0.0490534 0.0335484 -0.0155049
1.03787e-12 -0.0489393 0.0334371 -0.0155022
1.04857e-12 -0.0488084 0.0333095 -0.0154988
1.05927e-12 -0.0487176 0.033221 -0.0154966
1.06997e-12 -0.0487073 0.0332105 -0.0154968
1.08067e-12 -0.0487823 0.0332845 -0.0154977
1.09137e-12 -0.0489352 0.0334389 -0.0154963
1.10207e-12 -0.0491784 0.0336816 -0.0154968
1.11277e-12 -0.049486 0.0339831 -0.0155029
1.12347e-12 -0.0497589 0.0342522 -0.0155067
1.13417e-12 -0.04992 0.0344125 -0.0155076
1.14487e-12 -0.0499403 0.0344329 -0.0155073
1.15557e-12 -0.04982 0.0343151 -0.0155049
1.16627e-12 -0.0496015 0.0341027 -0.0154988
1.17697e-12 -0.0493827 0.0338915 -0.0154911
1.18767e-12 -0.0492773 0.033788 -0.0154893
1.19837e-12 -0.0493106 0.033815 -0.0154956
1.20907e-12 -0.0493913 0.0338896 -0.0155017
1.21977e-12 -0.0494239 0.033922 -0.0155019
1.23047e-12 -0.0493939 0.0338954 -0.0154984
1.24117e-12 -0.0493429 0.0338463 -0.0154966
1.25187e-12 -0.0492985 0.0338004 -0.0154981
1.26257e-12 -0.0492467 0.0337454 -0.0155013
1.27327e-12 -0.0491482 0.0336429 -0.0155053
1.28397e-12 -0.0489578 0.0334523 -0.0155055
1.29467e-12 -0.0486855 0.0331867 -0.0154989
1.30537e-12 -0.0484316 0.0329403 -0.0154914
1.31607e-12 -0.0483042 0.0328137 -0.0154905
1.32677e-12 -0.0483171 0.0328217 -0.0154954
1.33747e-12 -0.0483983 0.0328982 -0.0155001
1.34817e-12 -0.0484734 0.0329717 -0.0155017
1.35887e-12 -0.0485121 0.0330113 -0.0155008
1.36957e-12 -0.0485238 0.0330245 -0.0154993
1.38027e-12 -0.0485293 0.0330294 -0.0154999
1.39097e-12 -0.0485216 0.0330182 -0.0155034
1.40167e-12 -0.0484556 0.0329488 -0.0155069
1.41236e-12 -0.0482881 0.0327816 -0.0155065
1.42306e-12 -0.0480327 0.0325319 -0.0155008
1.43376e-12 -0.0477792 0.0322861 -0.0154931
1.44446e-12 -0.0476421 0.0321522 -0.0154899
1.45516e-12 -0.0476699 0.0321761 -0.0154939
1.46586e-12 -0.0478093 0.032309 -0.0155004
1.47656e-12 -0.0479671 0.0324637 -0.0155034
1.48726e-12 -0.0480949 0.0325926 -0.0155023
1.49796e-12 -0.0482004 0.0326992 -0.0155013
1.50866e-12 -0.0482943 0.0327911 -0.0155032
1.51936e-12 -0.0483504 0.0328443 -0.0155061
1.53006e-12 -0.0483328 0.0328268 -0.0155059
1.54076e-12 -0.0482479 0.0327449 -0.0155029
1.55146e-12 -0.0481395 0.0326389 -0.0155006
1.56216e-12 -0.0480444 0.0325451 -0.0154993
1.57286e-12 -0.047983 0.0324845 -0.0154985
1.58356e-12 -0.0479657 0.032467 -0.0154987
1.59426e-12 -0.0479879 0.0324878 -0.0155001
1.60496e-12 -0.0480325 0.0325317 -0.0155008
1.61566e-12 -0.0480907 0.0325895 -0.0155011
1.62636e-12 -0.0481581 0.032655 -0.015503
1.63706e-12 -0.0482123 0.0327077 -0.0155046
1.64776e-12 -0.0482389 0.0327363 -0.0155025
1.65846e-12 -0.0482707 0.0327717 -0.015499
1.66916e-12 -0.0483645 0.0328679 -0.0154966
1.67986e-12 -0.0485625 0.0330657 -0.0154968
1.69056e-12 -0.0488571 0.0333525 -0.0155045
1.70126e-12 -0.0491358 0.0336221 -0.0155137
1.71196e-12 -0.0492721 0.0337603 -0.0155118
1.72266e-12 -0.0492852 0.033782 -0.0155031
1.73336e-12 -0.0492857 0.0337848 -0.0155009
1.74406e-12 -0.0493048 0.0338018 -0.0155031
1.75476e-12 -0.0493087 0.0338071 -0.0155016
1.76546e-12 -0.0493006 0.0338023 -0.0154983
1.77616e-12 -0.0493107 0.0338136 -0.015497
1.78686e-12 -0.0493446 0.033846 -0.0154986
1.79756e-12 -0.0493704 0.0338692 -0.0155011
1.80825e-12 -0.049343 0.0338403 -0.0155027
1.81895e-12 -0.0492342 0.0337324 -0.0155018
1.82965e-12 -0.0490523 0.0335537 -0.0154986
1.84035e-12 -0.0488421 0.0333473 -0.0154948
1.85105e-12 -0.0486583 0.0331653 -0.015493
1.86175e-12 -0.0485299 0.0330357 -0.0154942
1.87245e-12 -0.0484441 0.0329463 -0.0154977
1.88315e-12 -0.0483589 0.0328582 -0.0155008
1.89385e-12 -0.0482445 0.0327443 -0.0155001
1.90455e-12 -0.0481249 0.0326282 -0.0154967
1.91525e-12 -0.0480607 0.0325648 -0.0154958
1.92595e-12 -0.0480781 0.0325804 -0.0154977
1.93665e-12 -0.0481576 0.032657 -0.0155007
1.94735e-12 -0.0482523 0.0327472 -0.0155051
1.95805e-12 -0.0482963 0.0327891 -0.0155072
1.96875e-12 -0.0482554 0.03275 -0.0155054
1.97945e-12 -0.0481548 0.0326546 -0.0155002
1.99015e-12 -0.0480733 0.0325801 -0.0154932
2.00085e-12 -0.0481105 0.0326205 -0.01549
2.01155e-12 -0.0483081 0.0328138 -0.0154943
2.02225e-12 -0.0486001 0.0330981 -0.015502
2.03295e-12 -0.0488677 0.0333614 -0.0155063
2.04365e-12 -0.0490357 0.0335306 -0.0155051
2.05435e-12 -0.0491071 0.0336059 -0.0155012
2.06505e-12 -0.0491281 0.0336299 -0.0154982
2.07575e-12 -0.0491364 0.0336384 -0.015498
2.08645e-12 -0.0491328 0.0336328 -0.0155
2.09715e-12 -0.0490893 0.0335871 -0.0155022
2.10785e-12 -0.0489798 0.0334779 -0.0155019
2.11855e-12 -0.0488183 0.033321 -0.0154973
2.12925e-12 -0.0486814 0.033191 -0.0154903
2.13995e-12 -0.0486744 0.0331876 -0.0154868
2.15065e-12 -0.0488521 0.0333633 -0.0154887
2.16135e-12 -0.0491853 0.0336918 -0.0154934
2.17205e-12 -0.0495971 0.0340989 -0.0154983
2.18275e-12 -0.0500046 0.0345026 -0.015502
2.19345e-12 -0.0503411 0.0348368 -0.0155042
2.20415e-12 -0.0505637 0.0350579 -0.0155058
2.21484e-12 -0.050645 0.0351379 -0.0155071
2.22554e-12 -0.0505678 0.0350602 -0.0155076
2.23624e-12 -0.0503327 0.0348262 -0.0155065
2.24694e-12 -0.0499666 0.0344618 -0.0155048
2.25764e-12 -0.0495078 0.0340037 -0.0155041
2.26834e-12 -0.0489873 0.0334839 -0.0155034
2.27904e-12 -0.0484413 0.032941 -0.0155003
2.28974e-12 -0.047938 0.0324425 -0.0154955
2.30044e-12 -0.0475696 0.0320787 -0.0154909
2.31114e-12 -0.0474237 0.0319366 -0.0154871
2.32184e-12 -0.0475647 0.0320779 -0.0154868
2.33254e-12 -0.0479894 0.0324962 -0.0154932
2.34324e-12 -0.0485917 0.0330904 -0.0155012
2.35394e-12 -0.049229 0.033723 -0.015506
2.36464e-12 -0.0497989 0.0342909 -0.015508
2.37534e-12 -0.050243 0.0347342 -0.0155088
2.38604e-12 -0.0505273 0.0350181 -0.0155093
2.39674e-12 -0.0506338 0.0351256 -0.0155082
2.40744e-12 -0.0505743 0.0350701 -0.0155042
2.41814e-12 -0.0504046 0.0349055 -0.0154991
2.42884e-12 -0.0501972 0.0347006 -0.0154965
2.43954e-12 -0.0499898 0.0344923 -0.0154976
2.45024e-12 -0.0497716 0.034272 -0.0154996
2.46094e-12 -0.0495176 0.0340176 -0.0155
2.47164e-12 -0.0492259 0.0337277 -0.0154982
2.48234e-12 -0.0489287 0.0334335 -0.0154952
2.49304e-12 -0.048676 0.0331824 -0.0154935
2.50374e-12 -0.0484965 0.0330007 -0.0154958
2.51444e-12 -0.0483652 0.0328654 -0.0154998
2.52514e-12 -0.0482324 0.0327314 -0.015501
2.53584e-12 -0.0480851 0.0325863 -0.0154988
2.54654e-12 -0.0479565 0.0324604 -0.0154961
2.55724e-12 -0.0478923 0.0323983 -0.015494
2.56794e-12 -0.0479286 0.0324353 -0.0154933
2.57864e-12 -0.0480799 0.0325856 -0.0154943
2.58934e-12 -0.0483312 0.0328346 -0.0154966
2.60004e-12 -0.048646 0.0331478 -0.0154982
2.61073e-12 -0.0489904 0.0334912 -0.0154993
2.62143e-12 -0.0493343 0.0338329 -0.0155013
2.63213e-12 -0.049636 0.0341324 -0.0155036
2.64283e-12 -0.0498531 0.0343476 -0.0155055
2.65353e-12 -0.0499516 0.034444 -0.0155076
2.66423e-12 -0.0499065 0.034399 -0.0155075
2.67493e-12 -0.0497346 0.034232 -0.0155026
