time[s] cohesive[eV/atom] kinetic[eV/atom] total[eV/atom]
0 -0.0749393 0.038778 -0.0361613
4.27989e-14 -0.0738147 0.0375318 -0.0362829
8.55979e-14 -0.0690507 0.0324769 -0.0365737
1.28397e-13 -0.0589777 0.0229793 -0.0359984
1.71196e-13 -0.0536689 0.0178726 -0.0357963
2.13995e-13 -0.0561647 0.0197733 -0.0363914
2.56794e-13 -0.0576837 0.0213411 -0.0363426
2.99593e-13 -0.0574928 0.0212319 -0.0362609
3.42391e-13 -0.0568831 0.0206797 -0.0362034
3.8519e-13 -0.0569001 0.0206138 -0.0362863
4.27989e-13 -0.0567438 0.0204612 -0.0362826
4.70788e-13 -0.0564099 0.0201671 -0.0362428
5.13587e-13 -0.0563439 0.0200795 -0.0362644
5.56386e-13 -0.0563863 0.0201598 -0.0362264
5.99185e-13 -0.0566195 0.0203871 -0.0362324
6.41984e-13 -0.0567917 0.0205313 -0.0362603
6.84783e-13 -0.056751 0.0205302 -0.0362208
7.27582e-13 -0.0570009 0.0206952 -0.0363057
7.70381e-13 -0.0568168 0.0205606 -0.0362562
8.1318e-13 -0.0564929 0.0202776 -0.0362153
8.55979e-13 -0.0567096 0.0204505 -0.0362591
8.98778e-13 -0.0568973 0.0205702 -0.0363271
9.41577e-13 -0.0563707 0.0201849 -0.0361858
9.84375e-13 -0.0565958 0.0203758 -0.03622
1.02717e-12 -0.0571483 0.0207947 -0.0363536
1.06997e-12 -0.0568176 0.020667 -0.0361506
1.11277e-12 -0.0571075 0.0208666 -0.0362408
1.15557e-12 -0.0567929 0.0206016 -0.0361913
1.19837e-12 -0.0564211 0.020249 -0.0361721
1.24117e-12 -0.0562638 0.0201625 -0.0361013
1.28397e-12 -0.0569005 0.0207385 -0.036162
1.32677e-12 -0.0572867 0.0210854 -0.0362012
1.36957e-12 -0.056975 0.0208372 -0.0361378
1.41236e-12 -0.0569532 0.020781 -0.0361723
1.45516e-12 -0.0566904 0.0205395 -0.0361509
1.49796e-12 -0.0562664 0.0201783 -0.0360881
1.54076e-12 -0.0565438 0.020378 -0.0361658
1.58356e-12 -0.0565921 0.0203912 -0.036201
1.62636e-12 -0.0560342 0.0199301 -0.0361041
1.66916e-12 -0.0556996 0.0195134 -0.0361862
1.71196e-12 -0.0553718 0.019439 -0.0359328
1.75476e-12 -0.0564758 0.0204788 -0.0359969
1.79756e-12 -0.0570515 0.0209825 -0.036069
1.84035e-12 -0.0561761 0.0202954 -0.0358807
1.88315e-12 -0.0556375 0.0197002 -0.0359374
1.92595e-12 -0.0554153 0.0195356 -0.0358797
1.96875e-12 -0.0559519 0.0201162 -0.0358357
2.01155e-12 -0.056626 0.0207233 -0.0359028
2.05435e-12 -0.0569105 0.0210054 -0.0359051
2.09715e-12 -0.0567921 0.0209024 -0.0358897
2.13995e-12 -0.0568585 0.0209304 -0.0359281
2.18275e-12 -0.056779 0.0208578 -0.0359211
2.22554e-12 -0.0561752 0.0203401 -0.0358351
2.26834e-12 -0.0561731 0.0202444 -0.0359287
2.31114e-12 -0.0560253 0.020116 -0.0359093
2.35394e-12 -0.0559992 0.020119 -0.0358801
2.39674e-12 -0.0565815 0.0205752 -0.0360063
2.43954e-12 -0.0560513 0.0201516 -0.0358996
2.48234e-12 -0.0557417 0.0198646 -0.0358771
2.52514e-12 -0.0561986 0.0202715 -0.0359271
2.56794e-12 -0.0564821 0.0205751 -0.0359071
2.61073e-12 -0.0567314 0.0208092 -0.0359222
2.65353e-12 -0.0567969 0.0208903 -0.0359066
2.69633e-12 -0.0567427 0.020804 -0.0359387
2.73913e-12 -0.0560875 0.0201622 -0.0359253
2.78193e-12 -0.0554765 0.0196369 -0.0358397
2.82473e-12 -0.0561193 0.0201691 -0.0359502
2.86753e-12 -0.0564501 0.0205262 -0.0359239
2.91033e-12 -0.056431 0.020565 -0.035866
2.95313e-12 -0.0566047 0.020676 -0.0359287
2.99593e-12 -0.0564783 0.0206508 -0.0358275
3.03872e-12 -0.0567968 0.0208886 -0.0359083
3.08152e-12 -0.0564196 0.0205591 -0.0358605
3.12432e-12 -0.0560567 0.0202352 -0.0358215
3.16712e-12 -0.0563835 0.0204138 -0.0359697
3.20992e-12 -0.0560954 0.0202742 -0.0358212
3.25272e-12 -0.0564924 0.0205295 -0.0359629
3.29552e-12 -0.0564708 0.0205698 -0.0359009
3.33832e-12 -0.0564584 0.020552 -0.0359065
3.38112e-12 -0.0563918 0.0204896 -0.0359023
3.42391e-12 -0.0561247 0.0202991 -0.0358256
3.46671e-12 -0.056228 0.0204224 -0.0358057
3.50951e-12 -0.0567779 0.0209039 -0.035874
3.55231e-12 -0.0567457 0.0209176 -0.035828
3.59511e-12 -0.0564468 0.0206533 -0.0357936
3.63791e-12 -0.0566449 0.0207702 -0.0358747
3.68071e-12 -0.0568221 0.0209194 -0.0359027
3.72351e-12 -0.056246 0.0204455 -0.0358006
3.76631e-12 -0.0560463 0.0202389 -0.0358074
3.80911e-12 -0.0561602 0.0203335 -0.0358267
3.8519e-12 -0.0564 0.0205814 -0.0358186
3.8947e-12 -0.0567361 0.0207538 -0.0359823
3.9375e-12 -0.0557079 0.0200109 -0.035697
3.9803e-12 -0.0559018 0.0201759 -0.0357259
4.0231e-12 -0.0562659 0.0204788 -0.0357871
4.0659e-12 -0.0561655 0.0204627 -0.0357028
4.1087e-12 -0.0567571 0.0210043 -0.0357528
4.1515e-12 -0.0567398 0.0210674 -0.0356724
4.1943e-12 -0.0557223 0.020151 -0.0355713
4.23709e-12 -0.0557899 0.0201069 -0.0356831
4.27989e-12 -0.0557744 0.0200689 -0.0357055
4.32269e-12 -0.0551556 0.0195637 -0.0355919
4.36549e-12 -0.0552648 0.019582 -0.0356828
4.40829e-12 -0.0553284 0.0197355 -0.0355929
4.45109e-12 -0.055845 0.0201747 -0.0356703
4.49389e-12 -0.0559774 0.0203394 -0.035638
4.53669e-12 -0.0559608 0.0203323 -0.0356285
4.57949e-12 -0.0560546 0.0203646 -0.03569
4.62228e-12 -0.055621 0.0200214 -0.0355996
4.66508e-12 -0.0559094 0.0202392 -0.0356702
4.70788e-12 -0.0562664 0.0206849 -0.0355815
4.75068e-12 -0.0566287 0.0210502 -0.0355784
4.79348e-12 -0.0568799 0.0212819 -0.035598
4.83628e-12 -0.0567096 0.0211276 -0.0355819
4.87908e-12 -0.0562525 0.0207395 -0.0355131
4.92188e-12 -0.0565134 0.0209054 -0.035608
4.96468e-12 -0.0563113 0.0207713 -0.03554
5.00748e-12 -0.0560887 0.020555 -0.0355337
5.05027e-12 -0.0562034 0.0206575 -0.0355459
5.09307e-12 -0.0561323 0.0204693 -0.035663
5.13587e-12 -0.055129 0.0196388 -0.0354902
5.17867e-12 -0.0553249 0.019729 -0.0355959
5.22147e-12 -0.0557659 0.020204 -0.0355619
5.26427e-12 -0.0563591 0.0207618 -0.0355973
5.30707e-12 -0.0566701 0.0210934 -0.0355766
5.34987e-12 -0.0566671 0.0210537 -0.0356135
5.39267e-12 -0.0562541 0.0207439 -0.0355102
5.43546e-12 -0.0565462 0.0210294 -0.0355168
5.47826e-12 -0.0568639 0.0212648 -0.0355992
5.52106e-12 -0.0563068 0.0208754 -0.0354314
5.56386e-12 -0.0565866 0.020992 -0.0355946
5.60666e-12 -0.0565373 0.0209109 -0.0356264
5.64946e-12 -0.0556895 0.0201761 -0.0355134
5.69226e-12 -0.055677 0.0201234 -0.0355536
5.73506e-12 -0.0564064 0.0207779 -0.0356284
5.77786e-12 -0.0564487 0.0208063 -0.0356423
5.82066e-12 -0.0554792 0.0199839 -0.0354952
5.86345e-12 -0.0555835 0.0199852 -0.0355983
5.90625e-12 -0.0559521 0.0203526 -0.0355995
5.94905e-12 -0.0557727 0.0201336 -0.0356391
5.99185e-12 -0.0555567 0.0200294 -0.0355273
6.03465e-12 -0.0560291 0.0204642 -0.0355648
6.07745e-12 -0.0563306 0.0207987 -0.0355318
6.12025e-12 -0.0568388 0.0212256 -0.0356131
6.16305e-12 -0.0564098 0.0208181 -0.0355917
6.20585e-12 -0.0557759 0.0202338 -0.0355421
6.24864e-12 -0.0558551 0.0202841 -0.035571
6.29144e-12 -0.0559339 0.0203491 -0.0355848
6.33424e-12 -0.0558467 0.0202886 -0.0355581
6.37704e-12 -0.0560151 0.0204839 -0.0355312
6.41984e-12 -0.0566152 0.0210516 -0.0355636
6.46264e-12 -0.056595 0.0211003 -0.0354947
6.50544e-12 -0.0561811 0.0206645 -0.0355166
6.54824e-12 -0.05548 0.0199601 -0.0355199
6.59104e-12 -0.0553504 0.0199253 -0.0354252
6.63383e-12 -0.0562778 0.0208548 -0.035423
6.67663e-12 -0.0566844 0.0211805 -0.0355039
6.71943e-12 -0.0558863 0.0205384 -0.0353479
6.76223e-12 -0.0556947 0.0203154 -0.0353793
6.80503e-12 -0.0559498 0.020504 -0.0354459
6.84783e-12 -0.0555586 0.0201919 -0.0353667
6.89063e-12 -0.0554671 0.0200651 -0.035402
6.93343e-12 -0.0555212 0.0200328 -0.0354884
6.97623e-12 -0.0552644 0.0199239 -0.0353405
7.01903e-12 -0.0559152 0.0204547 -0.0354605
7.06182e-12 -0.0557492 0.020403 -0.0353462
7.10462e-12 -0.0559671 0.0205373 -0.0354299
7.14742e-12 -0.0556785 0.0203463 -0.0353322
7.19022e-12 -0.0556433 0.0202297 -0.0354136
7.23302e-12 -0.0555499 0.020203 -0.0353469
7.27582e-12 -0.0558966 0.020479 -0.0354176
7.31862e-12 -0.0559251 0.0205746 -0.0353506
7.36142e-12 -0.0559534 0.0205662 -0.0353872
7.40422e-12 -0.0556728 0.0203296 -0.0353431
7.44701e-12 -0.0557192 0.0203743 -0.0353448
7.48981e-12 -0.0561533 0.0207592 -0.035394
7.53261e-12 -0.0564612 0.0210065 -0.0354547
7.57541e-12 -0.0559575 0.0205765 -0.0353809
7.61821e-12 -0.0552804 0.0199096 -0.0353708
7.66101e-12 -0.0551716 0.0198724 -0.0352992
7.70381e-12 -0.0563026 0.0208708 -0.0354318
7.74661e-12 -0.0566093 0.02119 -0.0354192
7.78941e-12 -0.055534 0.0201447 -0.0353893
7.8322e-12 -0.0544884 0.0192762 -0.0352123
7.875e-12 -0.055421 0.0200174 -0.0354036
7.9178e-12 -0.0558666 0.0205293 -0.0353373
7.9606e-12 -0.0561893 0.0208516 -0.0353376
8.0034e-12 -0.0564142 0.0210754 -0.0353388
8.0462e-12 -0.0563804 0.0211066 -0.0352738
8.089e-12 -0.0562929 0.0210274 -0.0352655
8.1318e-12 -0.0555924 0.0203408 -0.0352516
8.1746e-12 -0.0551046 0.0200394 -0.0350651
8.2174e-12 -0.055921 0.0209413 -0.0349797
8.26019e-12 -0.0562339 0.021316 -0.0349179
8.30299e-12 -0.0565875 0.021614 -0.0349735
8.34579e-12 -0.0563353 0.021429 -0.0349063
8.38859e-12 -0.0562325 0.0213373 -0.0348952
8.43139e-12 -0.0560089 0.0210967 -0.0349123
8.47419e-12 -0.0555858 0.0206365 -0.0349493
8.51699e-12 -0.0549594 0.0201143 -0.0348451
8.55979e-12 -0.0552344 0.0203253 -0.034909
8.60259e-12 -0.0557586 0.0207754 -0.0349832
8.64538e-12 -0.0559871 0.0210706 -0.0349165
8.68818e-12 -0.0566851 0.0216846 -0.0350005
8.73098e-12 -0.0565341 0.0215379 -0.0349962
8.77378e-12 -0.0556578 0.0207408 -0.034917
8.81658e-12 -0.0552965 0.0203443 -0.0349522
8.85938e-12 -0.0553646 0.0204848 -0.0348798
8.90218e-12 -0.056055 0.0210382 -0.0350168
8.94498e-12 -0.0559416 0.0210366 -0.034905
8.98778e-12 -0.0563065 0.0212744 -0.0350322
9.03058e-12 -0.0559828 0.0210561 -0.0349268
9.07337e-12 -0.0559028 0.0209793 -0.0349235
9.11617e-12 -0.0563125 0.0213332 -0.0349793
9.15897e-12 -0.056552 0.021571 -0.0349811
9.20177e-12 -0.0565344 0.0215848 -0.0349496
9.24457e-12 -0.0563693 0.0213522 -0.0350171
9.28737e-12 -0.0559475 0.0210373 -0.0349102
9.33017e-12 -0.0561554 0.0211421 -0.0350132
9.37297e-12 -0.0558481 0.0208729 -0.0349753
9.41577e-12 -0.055473 0.0204913 -0.0349817
9.45856e-12 -0.0552202 0.0202931 -0.0349271
9.50136e-12 -0.0557005 0.0206897 -0.0350108
9.54416e-12 -0.0558158 0.0207377 -0.0350781
9.58696e-12 -0.0548928 0.0199959 -0.0348969
9.62976e-12 -0.0552187 0.0201928 -0.0350259
9.67256e-12 -0.055276 0.0202617 -0.0350144
9.71536e-12 -0.0552707 0.0202733 -0.0349974
9.75816e-12 -0.0555659 0.0205124 -0.0350535
9.80096e-12 -0.0555633 0.0205986 -0.0349646
9.84375e-12 -0.0560244 0.0210329 -0.0349915
9.88655e-12 -0.0563104 0.0213084 -0.035002
9.92935e-12 -0.0561658 0.0211 -0.0350658
9.97215e-12 -0.0555042 0.020543 -0.0349612
1.0015e-11 -0.0553483 0.0203343 -0.0350139
1.00577e-11 -0.0551012 0.020128 -0.0349732
1.01005e-11 -0.055023 0.0200137 -0.0350093
1.01433e-11 -0.0555334 0.0204703 -0.0350631
1.01861e-11 -0.0561021 0.021015 -0.0350871
1.02289e-11 -0.0559701 0.0210105 -0.0349597
1.02717e-11 -0.0565504 0.021481 -0.0350694
1.03145e-11 -0.056717 0.0215978 -0.0351192
1.03573e-11 -0.0560356 0.0210317 -0.0350039
1.04001e-11 -0.0560221 0.0209861 -0.035036
1.04429e-11 -0.0564856 0.0214386 -0.035047
1.04857e-11 -0.056564 0.0214517 -0.0351123
1.05285e-11 -0.0559031 0.0209141 -0.034989
1.05713e-11 -0.0554682 0.0204046 -0.0350636
1.06141e-11 -0.0552698 0.0202824 -0.0349874
1.06569e-11 -0.056327 0.0212355 -0.0350915
1.06997e-11 -0.0570227 0.0219673 -0.0350554
1.07425e-11 -0.0574019 0.0223665 -0.0350354
1.07853e-11 -0.0572081 0.0221527 -0.0350554
1.08281e-11 -0.0562715 0.0212436 -0.0350279
1.08709e-11 -0.0555005 0.0205448 -0.0349557
1.09137e-11 -0.0556983 0.0206645 -0.0350338
1.09565e-11 -0.0557336 0.0207236 -0.0350101
1.09993e-11 -0.055767 0.0207971 -0.0349699
1.10421e-11 -0.0560579 0.0210201 -0.0350378
1.10849e-11 -0.0561755 0.0211692 -0.0350063
1.11277e-11 -0.0563454 0.0212857 -0.0350598
1.11705e-11 -0.0559233 0.0209252 -0.0349981
1.12133e-11 -0.0557466 0.0207878 -0.0349588
1.12561e-11 -0.0562148 0.0211175 -0.0350972
1.12989e-11 -0.0557481 0.0207527 -0.0349954
1.13417e-11 -0.0556731 0.0206705 -0.0350026
1.13845e-11 -0.0558261 0.0207909 -0.0350352
1.14273e-11 -0.0557048 0.0207429 -0.0349618
1.14701e-11 -0.0563462 0.0213001 -0.0350461
1.15129e-11 -0.0565935 0.0215646 -0.0350289
1.15557e-11 -0.0564174 0.0214214 -0.034996
1.15985e-11 -0.0562348 0.0212557 -0.0349791
1.16413e-11 -0.0562706 0.0212582 -0.0350123
1.16841e-11 -0.0562727 0.0212543 -0.0350184
1.17269e-11 -0.0562826 0.021341 -0.0349415
1.17697e-11 -0.056663 0.0216698 -0.0349931
1.18125e-11 -0.0562757 0.021287 -0.0349888
1.18553e-11 -0.0554003 0.0205013 -0.034899
1.18981e-11 -0.0551223 0.0201447 -0.0349776
1.19409e-11 -0.0550647 0.0202363 -0.0348284
1.19837e-11 -0.055903 0.0210201 -0.0348828
1.20265e-11 -0.0564298 0.021606 -0.0348238
1.20693e-11 -0.0564115 0.0217486 -0.0346628
1.21121e-11 -0.0571823 0.0224145 -0.0347679
1.21549e-11 -0.0570069 0.0222027 -0.0348041
1.21977e-11 -0.0557446 0.0211244 -0.0346202
1.22405e-11 -0.0556985 0.0210121 -0.0346865
1.22833e-11 -0.0564233 0.0217171 -0.0347062
1.23261e-11 -0.0569394 0.0222027 -0.0347367
1.23689e-11 -0.056713 0.0219894 -0.0347237
1.24117e-11 -0.0560312 0.021345 -0.0346862
1.24545e-11 -0.055892 0.0213253 -0.0345667
1.24973e-11 -0.0569116 0.0221041 -0.0348076
1.25401e-11 -0.0561228 0.021488 -0.0346348
1.25829e-11 -0.0560513 0.0213082 -0.0347431
1.26257e-11 -0.0560001 0.0213558 -0.0346443
1.26685e-11 -0.0560641 0.0214075 -0.0346566
1.27113e-11 -0.0562646 0.0215416 -0.034723
1.27541e-11 -0.0555237 0.0209074 -0.0346163
1.27969e-11 -0.055375 0.0208199 -0.0345551
1.28397e-11 -0.0561323 0.021482 -0.0346503
1.28825e-11 -0.0556861 0.0212255 -0.0344605
1.29253e-11 -0.0559584 0.0214469 -0.0345115
1.29681e-11 -0.0561809 0.0216713 -0.0345096
1.30109e-11 -0.0562012 0.02171 -0.0344911
1.30537e-11 -0.0562028 0.0216399 -0.0345629
1.30965e-11 -0.055606 0.021119 -0.034487
1.31393e-11 -0.0553114 0.0207998 -0.0345116
1.31821e-11 -0.0555886 0.0210876 -0.0345009
1.32249e-11 -0.0557267 0.0211881 -0.0345386
1.32677e-11 -0.0553277 0.0209748 -0.0343529
1.33105e-11 -0.0559942 0.0214979 -0.0344962
1.33533e-11 -0.0560847 0.0215438 -0.0345409
1.33961e-11 -0.0551487 0.0206764 -0.0344723
1.34389e-11 -0.054845 0.0204723 -0.0343727
1.34817e-11 -0.0555648 0.0211036 -0.0344613
1.35245e-11 -0.0554963 0.0211434 -0.0343529
1.35673e-11 -0.0557536 0.0213387 -0.0344149
1.36101e-11 -0.0555501 0.0211671 -0.034383
1.36529e-11 -0.0552963 0.0209199 -0.0343763
1.36957e-11 -0.0554485 0.0210534 -0.0343951
1.37385e-11 -0.0554796 0.0210672 -0.0344125
1.37813e-11 -0.0551433 0.0208137 -0.0343296
1.38241e-11 -0.0557464 0.021385 -0.0343613
1.38669e-11 -0.0565311 0.0220769 -0.0344542
1.39097e-11 -0.0561603 0.0218027 -0.0343576
1.39525e-11 -0.0559339 0.0216172 -0.0343168
1.39953e-11 -0.0561148 0.0217127 -0.0344021
1.40381e-11 -0.0559798 0.0216273 -0.0343525
1.40808e-11 -0.0560079 0.0216698 -0.0343381
1.41236e-11 -0.0558765 0.0215179 -0.0343586
1.41664e-11 -0.0554146 0.0210743 -0.0343403
1.42092e-11 -0.0550556 0.0207562 -0.0342994
1.4252e-11 -0.0552272 0.0208687 -0.0343585
1.42948e-11 -0.0553561 0.0210736 -0.0342825
1.43376e-11 -0.0557176 0.021492 -0.0342256
1.43804e-11 -0.0559781 0.0217082 -0.0342699
1.44232e-11 -0.055581 0.0213108 -0.0342701
1.4466e-11 -0.0549074 0.0207422 -0.0341653
1.45088e-11 -0.055307 0.0211088 -0.0341982
1.45516e-11 -0.0560265 0.0217261 -0.0343004
1.45944e-11 -0.0555898 0.0213981 -0.0341917
1.46372e-11 -0.0551296 0.0209278 -0.0342017
1.468e-11 -0.0549927 0.0207774 -0.0342153
1.47228e-11 -0.0547915 0.0205911 -0.0342004
1.47656e-11 -0.054963 0.0207615 -0.0342015
1.48084e-11 -0.0554298 0.0211956 -0.0342341
1.48512e-11 -0.0553532 0.0211691 -0.0341841
1.4894e-11 -0.0551536 0.0210052 -0.0341484
1.49368e-11 -0.0552831 0.0210939 -0.0341892
1.49796e-11 -0.0553775 0.0211743 -0.0342032
1.50224e-11 -0.0555468 0.0214277 -0.0341191
1.50652e-11 -0.0564434 0.0221908 -0.0342526
1.5108e-11 -0.0563912 0.0221484 -0.0342427
1.51508e-11 -0.0553422 0.0212093 -0.0341328
1.51936e-11 -0.0552599 0.0210915 -0.0341685
1.52364e-11 -0.0554064 0.021169 -0.0342374
1.52792e-11 -0.0547229 0.0205233 -0.0341996
1.5322e-11 -0.0543137 0.0202417 -0.0340721
1.53648e-11 -0.0551924 0.0209471 -0.0342453
1.54076e-11 -0.0550564 0.0208687 -0.0341877
1.54504e-11 -0.0547362 0.0206727 -0.0340635
1.54932e-11 -0.0557526 0.0215753 -0.0341773
1.5536e-11 -0.0561603 0.0218942 -0.0342661
1.55788e-11 -0.0553292 0.0213118 -0.0340174
1.56216e-11 -0.0557197 0.0215369 -0.0341828
1.56644e-11 -0.0555107 0.0214542 -0.0340566
1.57072e-11 -0.0559476 0.0217888 -0.0341588
1.575e-11 -0.0560228 0.0218401 -0.0341826
1.57928e-11 -0.05525 0.0211504 -0.0340996
1.58356e-11 -0.0547849 0.0206511 -0.0341338
1.58784e-11 -0.0545692 0.0204577 -0.0341114
1.59212e-11 -0.0549736 0.0209114 -0.0340622
1.5964e-11 -0.0564037 0.0222209 -0.0341828
1.60068e-11 -0.0570843 0.0229152 -0.0341691
1.60496e-11 -0.0566934 0.0225554 -0.034138
1.60924e-11 -0.0559176 0.0217947 -0.0341229
1.61352e-11 -0.0553389 0.0212087 -0.0341302
1.6178e-11 -0.0550183 0.0209333 -0.034085
1.62208e-11 -0.0553145 0.0211384 -0.0341761
1.62636e-11 -0.055711 0.0214579 -0.0342531
1.63064e-11 -0.0553828 0.0212692 -0.0341136
1.63492e-11 -0.0555817 0.0214141 -0.0341676
1.6392e-11 -0.0557023 0.0215229 -0.0341795
1.64348e-11 -0.0555032 0.0213712 -0.034132
1.64776e-11 -0.0554501 0.0213358 -0.0341143
1.65204e-11 -0.0555233 0.021353 -0.0341703
1.65632e-11 -0.0555627 0.0214164 -0.0341463
1.6606e-11 -0.0558157 0.0216884 -0.0341273
1.66488e-11 -0.0557429 0.0216126 -0.0341304
1.66916e-11 -0.0554373 0.0213117 -0.0341255
1.67344e-11 -0.0551027 0.0209932 -0.0341095
1.67772e-11 -0.055152 0.0210778 -0.0340742
1.682e-11 -0.0556986 0.0215446 -0.0341541
1.68628e-11 -0.0555459 0.0214114 -0.0341344
1.69056e-11 -0.0549013 0.0209364 -0.0339649
1.69484e-11 -0.05554 0.0214506 -0.0340894
1.69912e-11 -0.0557449 0.0216148 -0.0341301
1.7034e-11 -0.0549365 0.0208653 -0.0340712
1.70768e-11 -0.0544621 0.02051 -0.0339521
1.71196e-11 -0.0552111 0.0212053 -0.0340058
1.71624e-11 -0.0559331 0.0218346 -0.0340985
1.72052e-11 -0.0558718 0.0219166 -0.0339552
1.7248e-11 -0.0563289 0.0223114 -0.0340175
1.72908e-11 -0.0563057 0.0222547 -0.034051
1.73336e-11 -0.055107 0.021115 -0.0339919
1.73764e-11 -0.0540353 0.0200664 -0.0339689
1.74192e-11 -0.0539645 0.0200719 -0.0338926
1.7462e-11 -0.0548915 0.0208854 -0.0340061
1.75048e-11 -0.0555887 0.0216066 -0.0339821
1.75476e-11 -0.0559253 0.0219692 -0.0339561
1.75904e-11 -0.0555993 0.0216508 -0.0339485
1.76332e-11 -0.0549002 0.0209986 -0.0339016
1.7676e-11 -0.0543042 0.0204168 -0.0338873
1.77188e-11 -0.0542668 0.0204176 -0.0338492
1.77616e-11 -0.0549864 0.0211058 -0.0338807
1.78044e-11 -0.0556076 0.0218145 -0.0337931
1.78472e-11 -0.056404 0.0223371 -0.0340669
1.789e-11 -0.0555323 0.0217423 -0.03379
1.79328e-11 -0.0555811 0.0216302 -0.0339508
1.79756e-11 -0.0550943 0.0212448 -0.0338495
1.80184e-11 -0.0549043 0.0209672 -0.0339371
1.80612e-11 -0.0547523 0.0208631 -0.0338892
1.81039e-11 -0.0551722 0.0213068 -0.0338654
1.81467e-11 -0.0556749 0.0217247 -0.0339502
1.81895e-11 -0.0550673 0.0212242 -0.0338431
1.82323e-11 -0.0545132 0.0207766 -0.0337365
1.82751e-11 -0.0552732 0.0214866 -0.0337866
1.83179e-11 -0.0562045 0.0224428 -0.0337617
1.83607e-11 -0.0562819 0.0225238 -0.0337581
1.84035e-11 -0.0557291 0.0220413 -0.0336878
1.84463e-11 -0.0558777 0.0221966 -0.033681
1.84891e-11 -0.0566309 0.0228129 -0.0338181
1.85319e-11 -0.0558244 0.0221046 -0.0337198
1.85747e-11 -0.0544716 0.0209044 -0.0335672
1.86175e-11 -0.0546282 0.0209816 -0.0336466
1.86603e-11 -0.05529 0.0215562 -0.0337338
1.87031e-11 -0.0551354 0.0215001 -0.0336353
1.87459e-11 -0.0551292 0.0214947 -0.0336344
1.87887e-11 -0.0555376 0.0218747 -0.0336629
1.88315e-11 -0.0562062 0.0224645 -0.0337417
1.88743e-11 -0.0559786 0.0223933 -0.0335853
1.89171e-11 -0.0560616 0.022413 -0.0336485
1.89599e-11 -0.0559453 0.0222376 -0.0337077
1.90027e-11 -0.0549268 0.0213734 -0.0335534
1.90455e-11 -0.0546521 0.0210241 -0.033628
1.90883e-11 -0.054698 0.0210073 -0.0336907
1.91311e-11 -0.0548948 0.0213166 -0.0335782
1.91739e-11 -0.0557402 0.0220173 -0.0337228
1.92167e-11 -0.0553963 0.0217793 -0.0336171
1.92595e-11 -0.0552278 0.0215697 -0.0336581
1.93023e-11 -0.054991 0.0213608 -0.0336301
1.93451e-11 -0.0550342 0.0214171 -0.0336171
1.93879e-11 -0.0552805 0.021689 -0.0335915
1.94307e-11 -0.0558919 0.0221744 -0.0337175
1.94735e-11 -0.0559991 0.0223749 -0.0336242
1.95163e-11 -0.0562303 0.0226135 -0.0336168
1.95591e-11 -0.0560061 0.0223984 -0.0336077
1.96019e-11 -0.0556786 0.0221204 -0.0335582
1.96447e-11 -0.0555723 0.0220414 -0.0335309
1.96875e-11 -0.0555803 0.0220544 -0.0335259
1.97303e-11 -0.0557168 0.0223074 -0.0334094
1.97731e-11 -0.056786 0.0232508 -0.0335352
1.98159e-11 -0.0564832 0.0230255 -0.0334577
1.98587e-11 -0.055325 0.0220072 -0.0333179
1.99015e-11 -0.0558039 0.0222975 -0.0335064
1.99443e-11 -0.0558029 0.0222514 -0.0335514
1.99871e-11 -0.055264 0.0218393 -0.0334247
2.00299e-11 -0.0556112 0.0221833 -0.0334279
2.00727e-11 -0.0558315 0.022377 -0.0334545
2.01155e-11 -0.0558123 0.0223834 -0.0334289
2.01583e-11 -0.0561108 0.022625 -0.0334857
2.02011e-11 -0.0559067 0.0225066 -0.0334001
2.02439e-11 -0.0560056 0.022572 -0.0334336
2.02867e-11 -0.0561225 0.0226303 -0.0334922
2.03295e-11 -0.0554686 0.0220706 -0.033398
2.03723e-11 -0.0552271 0.0218324 -0.0333947
2.04151e-11 -0.0551659 0.0217618 -0.0334041
2.04579e-11 -0.0547026 0.0213631 -0.0333396
2.05007e-11 -0.0547065 0.0213566 -0.0333499
2.05435e-11 -0.0550744 0.021741 -0.0333335
2.05863e-11 -0.0556788 0.0222871 -0.0333917
2.06291e-11 -0.0559869 0.0226412 -0.0333457
2.06719e-11 -0.0562048 0.0229458 -0.033259
2.07147e-11 -0.0564943 0.0231729 -0.0333214
2.07575e-11 -0.0556417 0.0223446 -0.0332971
2.08003e-11 -0.0543311 0.0211798 -0.0331513
2.08431e-11 -0.0547914 0.0214908 -0.0333006
2.08859e-11 -0.0552743 0.0219227 -0.0333515
2.09287e-11 -0.0546779 0.0214038 -0.0332741
2.09715e-11 -0.0542301 0.0210005 -0.0332296
2.10143e-11 -0.054697 0.021384 -0.033313
2.10571e-11 -0.0548273 0.0216569 -0.0331704
2.10999e-11 -0.0553851 0.0220836 -0.0333015
2.11427e-11 -0.0551843 0.0220528 -0.0331315
2.11855e-11 -0.0553483 0.0221693 -0.033179
2.12283e-11 -0.055473 0.0223627 -0.0331104
2.12711e-11 -0.0560074 0.0228195 -0.0331879
2.13139e-11 -0.0556149 0.0224519 -0.033163
2.13567e-11 -0.0549167 0.0219344 -0.0329822
2.13995e-11 -0.0552419 0.022138 -0.0331039
