g(r) dist[A]
0 1.85113e-11
0 3.08522e-11
0 4.3193e-11
0 5.55339e-11
0 6.78747e-11
0 8.02156e-11
0 9.25565e-11
0 1.04897e-10
0 1.17238e-10
0 1.29579e-10
0 1.4192e-10
0 1.54261e-10
0 1.66602e-10
0 1.78942e-10
0 1.91283e-10
0 2.03624e-10
0 2.15965e-10
0 2.28306e-10
0 2.40647e-10
0 2.52988e-10
0 2.65329e-10
0 2.77669e-10
0 2.9001e-10
0 3.02351e-10
0 3.14692e-10
0 3.27033e-10
0 3.39374e-10
0 3.51715e-10
0 3.64055e-10
0 3.76396e-10
0 3.88737e-10
0 4.01078e-10
0 4.13419e-10
19.762 4.2576e-10
0 4.38101e-10
0 4.50441e-10
0 4.62782e-10
0 4.75123e-10
0 4.87464e-10
0 4.99805e-10
0 5.12146e-10
0 5.24487e-10
0 5.36827e-10
0 5.49168e-10
0 5.61509e-10
0 5.7385e-10
0 5.86191e-10
5.00001 5.98532e-10
0 6.10873e-10
0 6.23214e-10
0 6.35554e-10
0 6.47895e-10
0 6.60236e-10
0 6.72577e-10
0 6.84918e-10
0 6.97259e-10
0 7.096e-10
13.747 7.2194e-10
0 7.34281e-10
0 7.46622e-10
0 7.58963e-10
0 7.71304e-10
0 7.83645e-10
0 7.95986e-10
0 8.08326e-10
0 8.20667e-10
5.16278 8.33008e-10
0 8.45349e-10
0 8.5769e-10
0 8.70031e-10
0 8.82372e-10
0 8.94712e-10
0 9.07053e-10
0 9.19394e-10
8.25333 9.31735e-10
0 9.44076e-10
0 9.56417e-10
0 9.68758e-10
0 9.81099e-10
0 9.93439e-10
2.36095 1.00578e-09
0 1.01812e-09
0 1.03046e-09
0 1.0428e-09
0 1.05514e-09
0 1.06748e-09
0 1.07983e-09
12.0135 1.09217e-09
0 1.10451e-09
0 1.11685e-09
0 1.12919e-09
0 1.14153e-09
0 1.15387e-09
1.31705 1.16621e-09
0 1.17855e-09
0 1.19089e-09
0 1.20323e-09
0 1.21557e-09
7.12805 1.22792e-09
0 1.24026e-09
