g(r) dist[A]
0 1.85113e-11
0 3.08522e-11
0 4.3193e-11
0 5.55339e-11
0 6.78747e-11
0 8.02156e-11
0 9.25565e-11
0 1.04897e-10
0 1.17238e-10
0 1.29579e-10
0 1.4192e-10
0 1.54261e-10
0 1.66602e-10
0 1.78942e-10
0 1.91283e-10
0 2.03624e-10
0 2.15965e-10
0 2.28306e-10
0 2.40647e-10
0 2.52988e-10
0 2.65329e-10
0 2.77669e-10
0 2.9001e-10
0 3.02351e-10
0.0120571 3.14692e-10
0.0669863 3.27033e-10
0.445793 3.39374e-10
1.18727 3.51715e-10
1.79286 3.64055e-10
1.97222 3.76396e-10
2.00703 3.88737e-10
1.84832 4.01078e-10
1.5999 4.13419e-10
1.4558 4.2576e-10
1.23185 4.38101e-10
0.935756 4.50441e-10
0.925546 4.62782e-10
0.793457 4.75123e-10
0.96988 4.87464e-10
0.783953 4.99805e-10
0.773945 5.12146e-10
0.659818 5.24487e-10
0.609113 5.36827e-10
0.657276 5.49168e-10
0.617342 5.61509e-10
0.634591 5.7385e-10
0.740209 5.86191e-10
0.650001 5.98532e-10
0.675205 6.10873e-10
0.842426 6.23214e-10
0.910544 6.35554e-10
0.989978 6.47895e-10
1.00537 6.60236e-10
0.960892 6.72577e-10
0.944397 6.84918e-10
1.11267 6.97259e-10
1.07194 7.096e-10
1.13183 7.2194e-10
1.17163 7.34281e-10
1.03468 7.46622e-10
1.0635 7.58963e-10
0.961489 7.71304e-10
1.01117 7.83645e-10
0.981946 7.95986e-10
0.990573 8.08326e-10
0.882991 8.20667e-10
0.900045 8.33008e-10
0.820485 8.45349e-10
0.879833 8.5769e-10
0.850318 8.70031e-10
0.865044 8.82372e-10
0.903999 8.94712e-10
0.92166 9.07053e-10
0.854702 9.19394e-10
0.859722 9.31735e-10
0.880267 9.44076e-10
0.875974 9.56417e-10
0.91233 9.68758e-10
1.00118 9.81099e-10
1.02728 9.93439e-10
0.985698 1.00578e-09
1.04144 1.01812e-09
0.960413 1.03046e-09
1.05422 1.0428e-09
1.06188 1.05514e-09
0.916958 1.06748e-09
1.0057 1.07983e-09
0.93705 1.09217e-09
0.967129 1.10451e-09
1.02725 1.11685e-09
0.946854 1.12919e-09
0.933823 1.14153e-09
0.945347 1.15387e-09
0.918422 1.16621e-09
0.925941 1.17855e-09
0.951477 1.19089e-09
0.946082 1.20323e-09
0.956872 1.21557e-09
0.905263 1.22792e-09
0.895877 1.24026e-09
