Step AcceptanceRate Energy[eV]
1 0 -0.0874803
2 0.5 -0.0874535
3 0.333333 -0.0874535
4 0.5 -0.0874378
5 0.6 -0.087415
6 0.5 -0.087415
7 0.428571 -0.087415
8 0.375 -0.087415
9 0.333333 -0.087415
10 0.3 -0.087415
11 0.363636 -0.0873546
12 0.416667 -0.0873512
13 0.384615 -0.0873512
14 0.357143 -0.0873512
15 0.333333 -0.0873512
16 0.3125 -0.0873512
17 0.352941 -0.0872548
18 0.388889 -0.087237
19 0.368421 -0.087237
20 0.4 -0.0872196
21 0.380952 -0.0872196
22 0.363636 -0.0872196
23 0.347826 -0.0872196
24 0.375 -0.0871345
25 0.4 -0.0870706
26 0.423077 -0.0870272
27 0.407407 -0.0870272
28 0.392857 -0.0870272
29 0.37931 -0.0870272
30 0.366667 -0.0870272
31 0.354839 -0.0870272
32 0.34375 -0.0870272
33 0.363636 -0.0869881
34 0.382353 -0.0869608
35 0.371429 -0.0869608
36 0.361111 -0.0869608
37 0.351351 -0.0869608
38 0.368421 -0.0869161
39 0.358974 -0.0869161
40 0.375 -0.0868628
41 0.390244 -0.0868119
42 0.380952 -0.0868119
43 0.372093 -0.0868119
44 0.386364 -0.0867676
45 0.4 -0.0867388
46 0.413043 -0.086647
47 0.404255 -0.086647
48 0.416667 -0.086562
49 0.428571 -0.0865179
50 0.44 -0.0864741
51 0.431373 -0.0864741
52 0.423077 -0.0864741
53 0.433962 -0.0863932
54 0.425926 -0.0863932
55 0.436364 -0.0863773
56 0.446429 -0.0863314
57 0.438596 -0.0863314
58 0.431034 -0.0863314
59 0.440678 -0.0862643
60 0.45 -0.086175
61 0.442623 -0.086175
62 0.435484 -0.086175
63 0.444444 -0.0861346
64 0.453125 -0.0860866
65 0.461538 -0.0860562
66 0.469697 -0.0859479
67 0.462687 -0.0859479
68 0.455882 -0.0859479
69 0.449275 -0.0859479
70 0.442857 -0.0859479
71 0.43662 -0.0859479
72 0.430556 -0.0859479
73 0.438356 -0.0859288
74 0.445946 -0.0859031
75 0.44 -0.0859031
76 0.447368 -0.0858695
77 0.454545 -0.0858099
78 0.461538 -0.0857713
79 0.455696 -0.0857713
80 0.45 -0.0857713
81 0.45679 -0.0857021
82 0.45122 -0.0857021
83 0.457831 -0.0856477
84 0.464286 -0.0856173
85 0.470588 -0.0855981
86 0.476744 -0.0855663
87 0.471264 -0.0855663
88 0.477273 -0.085516
89 0.47191 -0.085516
90 0.466667 -0.085516
91 0.472527 -0.0855013
92 0.467391 -0.0855013
93 0.473118 -0.0854728
94 0.478723 -0.0854211
95 0.484211 -0.0853967
96 0.479167 -0.0853967
97 0.484536 -0.0854208
98 0.479592 -0.0854208
99 0.484848 -0.085375
100 0.49 -0.0853297
101 0.485149 -0.0853297
102 0.490196 -0.0852983
103 0.495146 -0.0852274
104 0.490385 -0.0852274
105 0.495238 -0.0852265
106 0.490566 -0.0852265
107 0.485981 -0.0852265
108 0.481481 -0.0852265
109 0.486239 -0.085188
110 0.481818 -0.085188
111 0.486486 -0.0851623
112 0.482143 -0.0851623
113 0.477876 -0.0851623
114 0.482456 -0.0851101
115 0.486957 -0.0851047
116 0.482759 -0.0851047
117 0.478632 -0.0851047
118 0.474576 -0.0851047
119 0.478992 -0.085107
120 0.475 -0.085107
121 0.471074 -0.085107
122 0.467213 -0.085107
123 0.471545 -0.0851002
124 0.475806 -0.0850048
125 0.48 -0.085
126 0.47619 -0.085
127 0.472441 -0.085
128 0.46875 -0.085
129 0.465116 -0.085
130 0.461538 -0.085
131 0.465649 -0.0849428
132 0.462121 -0.0849428
133 0.458647 -0.0849428
134 0.462687 -0.0849138
135 0.466667 -0.0848945
136 0.463235 -0.0848945
137 0.467153 -0.0849137
138 0.471014 -0.0849043
139 0.47482 -0.0849193
140 0.478571 -0.0848734
141 0.475177 -0.0848734
142 0.478873 -0.0848155
143 0.475524 -0.0848155
144 0.472222 -0.0848155
145 0.468966 -0.0848155
146 0.472603 -0.0847625
147 0.47619 -0.0847338
148 0.47973 -0.0847175
149 0.483221 -0.0846339
150 0.48 -0.0846339
151 0.483444 -0.0845912
152 0.480263 -0.0845912
153 0.48366 -0.0844729
154 0.480519 -0.0844729
155 0.477419 -0.0844729
156 0.480769 -0.0843679
157 0.484076 -0.0843414
158 0.481013 -0.0843414
159 0.477987 -0.0843414
160 0.475 -0.0843414
161 0.47205 -0.0843414
162 0.475309 -0.0843059
163 0.478528 -0.084283
164 0.481707 -0.0842851
165 0.478788 -0.0842851
166 0.481928 -0.0843281
167 0.48503 -0.0842708
168 0.488095 -0.0842309
169 0.485207 -0.0842309
170 0.488235 -0.0840786
171 0.48538 -0.0840786
172 0.488372 -0.0840403
173 0.485549 -0.0840403
174 0.488506 -0.0840107
175 0.485714 -0.0840107
176 0.482955 -0.0840107
177 0.485876 -0.0839882
178 0.488764 -0.0839093
179 0.49162 -0.0838967
180 0.488889 -0.0838967
181 0.491713 -0.0838893
182 0.494505 -0.0838328
183 0.491803 -0.0838328
184 0.494565 -0.083814
185 0.497297 -0.0837896
186 0.5 -0.0837785
187 0.497326 -0.0837785
188 0.494681 -0.0837785
189 0.492063 -0.0837785
190 0.489474 -0.0837785
191 0.492147 -0.0838251
192 0.494792 -0.0837759
193 0.497409 -0.0837744
194 0.494845 -0.0837744
195 0.497436 -0.0837957
196 0.5 -0.0837169
197 0.497462 -0.0837169
198 0.494949 -0.0837169
199 0.497487 -0.0836604
200 0.5 -0.0836144
201 0.497512 -0.0836144
202 0.49505 -0.0836144
203 0.497537 -0.0835464
204 0.5 -0.0834659
205 0.497561 -0.0834659
206 0.5 -0.0834624
207 0.497585 -0.0834624
208 0.495192 -0.0834624
209 0.492823 -0.0834624
210 0.490476 -0.0834624
211 0.492891 -0.0834022
212 0.495283 -0.0833354
213 0.497653 -0.083345
214 0.495327 -0.083345
215 0.493023 -0.083345
216 0.490741 -0.083345
217 0.488479 -0.083345
218 0.486239 -0.083345
219 0.488584 -0.0833019
220 0.490909 -0.0832556
221 0.493213 -0.083154
222 0.495495 -0.0831623
223 0.497758 -0.083191
224 0.5 -0.0831767
225 0.502222 -0.0830616
226 0.5 -0.0830616
227 0.497797 -0.0830616
228 0.5 -0.083047
229 0.502183 -0.083031
230 0.504348 -0.083015
231 0.502165 -0.083015
232 0.5 -0.083015
233 0.497854 -0.083015
234 0.5 -0.0829933
235 0.502128 -0.0829892
236 0.504237 -0.0829662
237 0.50211 -0.0829662
238 0.504202 -0.0829155
239 0.506276 -0.0828649
240 0.508333 -0.0828185
241 0.506224 -0.0828185
242 0.504132 -0.0828185
243 0.506173 -0.0828271
244 0.508197 -0.0826735
245 0.510204 -0.0826534
246 0.50813 -0.0826534
247 0.510121 -0.0826533
248 0.508065 -0.0826533
249 0.51004 -0.0825217
250 0.512 -0.0824626
251 0.513944 -0.0824636
252 0.515873 -0.0823706
253 0.517787 -0.0823701
254 0.519685 -0.0822979
255 0.521569 -0.0822691
256 0.523438 -0.0822324
257 0.521401 -0.0822324
258 0.523256 -0.0822218
259 0.521236 -0.0822218
260 0.523077 -0.0822088
261 0.521073 -0.0822088
262 0.522901 -0.0822085
263 0.524715 -0.0821198
264 0.522727 -0.0821198
265 0.520755 -0.0821198
266 0.518797 -0.0821198
267 0.520599 -0.0820476
268 0.522388 -0.0820262
269 0.520446 -0.0820262
270 0.522222 -0.0819288
271 0.523985 -0.0818944
272 0.522059 -0.0818944
273 0.52381 -0.0818924
274 0.525547 -0.0818784
275 0.523636 -0.0818784
276 0.521739 -0.0818784
277 0.523466 -0.0818784
278 0.52518 -0.0818309
279 0.526882 -0.0817652
280 0.525 -0.0817652
281 0.523132 -0.0817652
282 0.521277 -0.0817652
283 0.522968 -0.0816251
284 0.521127 -0.0816251
285 0.522807 -0.0815798
286 0.524476 -0.0815678
287 0.526132 -0.0815246
288 0.524306 -0.0815246
289 0.522491 -0.0815246
290 0.52069 -0.0815246
291 0.522337 -0.0815037
292 0.523973 -0.0815005
293 0.525597 -0.0814554
294 0.527211 -0.0814022
295 0.528814 -0.0813667
296 0.527027 -0.0813667
297 0.52862 -0.0813432
298 0.530201 -0.0813376
299 0.531773 -0.0813318
300 0.533333 -0.0813071
301 0.534884 -0.0814171
302 0.533113 -0.0814171
303 0.531353 -0.0814171
304 0.529605 -0.0814171
305 0.527869 -0.0814171
306 0.526144 -0.0814171
307 0.527687 -0.0814118
308 0.529221 -0.0813882
309 0.527508 -0.0813882
310 0.525806 -0.0813882
311 0.524116 -0.0813882
312 0.525641 -0.0813133
313 0.527157 -0.081332
314 0.525478 -0.081332
315 0.52381 -0.081332
316 0.525316 -0.081284
317 0.526814 -0.0812643
318 0.528302 -0.0811344
319 0.529781 -0.0810981
320 0.528125 -0.0810981
321 0.529595 -0.081078
322 0.531056 -0.0810488
323 0.529412 -0.0810488
324 0.530864 -0.0810278
325 0.532308 -0.0810426
326 0.533742 -0.0810617
327 0.53211 -0.0810617
328 0.533537 -0.0810358
329 0.531915 -0.0810358
330 0.533333 -0.0809411
331 0.531722 -0.0809411
332 0.533133 -0.080916
333 0.531532 -0.080916
334 0.532934 -0.0808856
335 0.531343 -0.0808856
336 0.532738 -0.080852
337 0.531157 -0.080852
338 0.529586 -0.080852
339 0.528024 -0.080852
340 0.526471 -0.080852
341 0.527859 -0.0808701
342 0.526316 -0.0808701
343 0.527697 -0.080807
344 0.526163 -0.080807
345 0.527536 -0.0808517
346 0.528902 -0.0807992
347 0.527378 -0.0807992
348 0.525862 -0.0807992
349 0.527221 -0.080717
350 0.528571 -0.0806365
351 0.527066 -0.0806365
352 0.528409 -0.0806007
353 0.529745 -0.0805825
354 0.528249 -0.0805825
355 0.529577 -0.0805241
356 0.52809 -0.0805241
357 0.526611 -0.0805241
358 0.52514 -0.0805241
359 0.523677 -0.0805241
360 0.525 -0.0804472
361 0.526316 -0.0804123
362 0.527624 -0.0804152
363 0.528926 -0.0802794
364 0.53022 -0.0802276
365 0.531507 -0.0802625
366 0.530055 -0.0802625
367 0.531335 -0.0802408
368 0.529891 -0.0802408
369 0.531165 -0.0802125
370 0.52973 -0.0802125
371 0.530997 -0.0801786
372 0.532258 -0.0800608
373 0.533512 -0.0800492
374 0.534759 -0.0800516
375 0.536 -0.0800424
376 0.537234 -0.0800366
377 0.538462 -0.0800452
378 0.537037 -0.0800452
379 0.53562 -0.0800452
380 0.536842 -0.0800146
381 0.535433 -0.0800146
382 0.536649 -0.0801019
383 0.535248 -0.0801019
384 0.536458 -0.0800228
385 0.535065 -0.0800228
386 0.533679 -0.0800228
387 0.5323 -0.0800228
388 0.533505 -0.0799838
389 0.534704 -0.0799825
390 0.535897 -0.0799778
391 0.537084 -0.0799222
392 0.538265 -0.0798562
393 0.53944 -0.0798555
394 0.538071 -0.0798555
395 0.539241 -0.0798434
396 0.537879 -0.0798434
397 0.536524 -0.0798434
398 0.537688 -0.0794281
399 0.536341 -0.0794281
400 0.535 -0.0794281
401 0.53616 -0.0794417
402 0.537313 -0.0793986
403 0.53598 -0.0793986
404 0.534653 -0.0793986
405 0.535802 -0.0793865
406 0.536946 -0.0793854
407 0.535627 -0.0793854
408 0.536765 -0.0793812
409 0.535452 -0.0793812
410 0.534146 -0.0793812
411 0.532847 -0.0793812
412 0.531553 -0.0793812
413 0.530266 -0.0793812
414 0.528986 -0.0793812
415 0.527711 -0.0793812
416 0.528846 -0.079461
417 0.527578 -0.079461
418 0.526316 -0.079461
419 0.52506 -0.079461
420 0.52619 -0.0794532
421 0.527316 -0.0794576
422 0.528436 -0.0795492
423 0.529551 -0.0795354
424 0.53066 -0.079496
425 0.531765 -0.079457
426 0.530516 -0.079457
427 0.529274 -0.079457
428 0.528037 -0.079457
429 0.526807 -0.079457
430 0.525581 -0.079457
431 0.526682 -0.0794645
432 0.525463 -0.0794645
433 0.524249 -0.0794645
434 0.525346 -0.0794217
435 0.526437 -0.0794152
436 0.527523 -0.0794178
437 0.528604 -0.0793851
438 0.52968 -0.079387
439 0.528474 -0.079387
440 0.527273 -0.079387
441 0.528345 -0.079343
442 0.527149 -0.079343
443 0.528217 -0.0793432
444 0.529279 -0.0792781
445 0.52809 -0.0792781
446 0.529148 -0.0792405
447 0.530201 -0.0792677
448 0.53125 -0.0792502
449 0.532294 -0.0792951
450 0.533333 -0.0792576
451 0.534368 -0.0792595
452 0.533186 -0.0792595
453 0.532009 -0.0792595
454 0.530837 -0.0792595
455 0.531868 -0.0792527
456 0.530702 -0.0792527
457 0.52954 -0.0792527
458 0.530568 -0.0792337
459 0.529412 -0.0792337
460 0.528261 -0.0792337
461 0.529284 -0.0791676
462 0.528139 -0.0791676
463 0.526998 -0.0791676
464 0.525862 -0.0791676
465 0.526882 -0.0791345
466 0.527897 -0.0791185
467 0.526767 -0.0791185
468 0.525641 -0.0791185
469 0.526652 -0.0790987
470 0.52766 -0.0790576
471 0.528662 -0.0789656
472 0.529661 -0.0789323
473 0.528541 -0.0789323
474 0.527426 -0.0789323
475 0.528421 -0.0789016
476 0.529412 -0.0788767
477 0.528302 -0.0788767
478 0.529289 -0.0788625
479 0.530271 -0.0788078
480 0.529167 -0.0788078
481 0.528067 -0.0788078
482 0.526971 -0.0788078
483 0.52588 -0.0788078
484 0.52686 -0.0788022
485 0.527835 -0.0788136
486 0.526749 -0.0788136
487 0.525667 -0.0788136
488 0.526639 -0.0787334
489 0.525562 -0.0787334
490 0.52449 -0.0787334
491 0.525458 -0.0786779
492 0.52439 -0.0786779
493 0.525355 -0.0786214
494 0.526316 -0.0786053
495 0.527273 -0.0785734
496 0.528226 -0.0785596
497 0.529175 -0.0785895
498 0.528112 -0.0785895
499 0.529058 -0.0785162
500 0.53 -0.0785348
501 0.528942 -0.0785348
502 0.527888 -0.0785348
503 0.528827 -0.078512
504 0.527778 -0.078512
505 0.526733 -0.078512
506 0.527668 -0.0784902
507 0.526627 -0.0784902
508 0.527559 -0.0784652
509 0.528487 -0.0784219
510 0.527451 -0.0784219
511 0.528376 -0.0784725
512 0.529297 -0.0784462
513 0.530214 -0.078425
514 0.531128 -0.0784158
515 0.532039 -0.0783858
516 0.531008 -0.0783858
517 0.531915 -0.0783132
518 0.532819 -0.0783061
519 0.531792 -0.0783061
520 0.530769 -0.0783061
521 0.53167 -0.0782691
522 0.532567 -0.0783174
523 0.533461 -0.0783224
524 0.534351 -0.0783052
525 0.535238 -0.0783432
526 0.536122 -0.0783416
527 0.537002 -0.0782581
528 0.535985 -0.0782581
529 0.534972 -0.0782581
530 0.533962 -0.0782581
531 0.532957 -0.0782581
532 0.531955 -0.0782581
533 0.530957 -0.0782581
534 0.529963 -0.0782581
535 0.530841 -0.0782984
536 0.529851 -0.0782984
537 0.530726 -0.0783102
538 0.531599 -0.0781631
539 0.532468 -0.0780789
540 0.531481 -0.0780789
541 0.530499 -0.0780789
542 0.52952 -0.0780789
543 0.528545 -0.0780789
544 0.529412 -0.0780289
545 0.52844 -0.0780289
546 0.527473 -0.0780289
547 0.526508 -0.0780289
548 0.525547 -0.0780289
549 0.52459 -0.0780289
550 0.523636 -0.0780289
551 0.524501 -0.0779356
552 0.523551 -0.0779356
553 0.524412 -0.0778364
554 0.523466 -0.0778364
555 0.522523 -0.0778364
556 0.521583 -0.0778364
557 0.522442 -0.0777838
558 0.521505 -0.0777838
559 0.520572 -0.0777838
560 0.521429 -0.0777804
561 0.522282 -0.0777148
562 0.523132 -0.0776272
563 0.523979 -0.0776652
564 0.524823 -0.0776311
565 0.525664 -0.0775826
566 0.524735 -0.0775826
567 0.52381 -0.0775826
568 0.522887 -0.0775826
569 0.521968 -0.0775826
570 0.521053 -0.0775826
571 0.521891 -0.0776441
572 0.522727 -0.0774901
573 0.521815 -0.0774901
574 0.520906 -0.0774901
575 0.52 -0.0774901
576 0.520833 -0.0774259
577 0.521664 -0.077338
578 0.522491 -0.0773006
579 0.521589 -0.0773006
580 0.522414 -0.077334
581 0.523236 -0.0773199
582 0.522337 -0.0773199
583 0.523156 -0.0773
584 0.52226 -0.0773
585 0.521368 -0.0773
586 0.522184 -0.0773791
587 0.521295 -0.0773791
588 0.522109 -0.0773809
589 0.52292 -0.0773906
590 0.523729 -0.077346
591 0.524535 -0.0773213
592 0.525338 -0.0772377
593 0.526138 -0.07722
594 0.526936 -0.0771942
595 0.52605 -0.0771942
596 0.525168 -0.0771942
597 0.524288 -0.0771942
598 0.523411 -0.0771942
599 0.524207 -0.0771839
600 0.525 -0.077152
601 0.524126 -0.077152
602 0.524917 -0.0770795
603 0.525705 -0.0770311
604 0.524834 -0.0770311
605 0.52562 -0.0770361
606 0.526403 -0.0770467
607 0.527183 -0.0769795
608 0.527961 -0.0769653
609 0.528736 -0.0770406
610 0.529508 -0.0770469
611 0.528642 -0.0770469
612 0.527778 -0.0770469
613 0.526917 -0.0770469
614 0.526059 -0.0770469
615 0.525203 -0.0770469
616 0.525974 -0.0770775
617 0.525122 -0.0770775
618 0.52589 -0.0770861
619 0.52504 -0.0770861
620 0.525806 -0.0770182
621 0.52657 -0.0770142
622 0.527331 -0.077079
623 0.526485 -0.077079
624 0.527244 -0.0770592
625 0.528 -0.0770251
626 0.527157 -0.0770251
627 0.527911 -0.0769735
628 0.52707 -0.0769735
629 0.527822 -0.0769702
630 0.526984 -0.0769702
631 0.526149 -0.0769702
632 0.526899 -0.0769606
633 0.526066 -0.0769606
634 0.526814 -0.0769691
635 0.527559 -0.0769269
636 0.52673 -0.0769269
637 0.527473 -0.0768645
638 0.528213 -0.0768188
639 0.528951 -0.0768219
640 0.528125 -0.0768219
641 0.527301 -0.0768219
642 0.528037 -0.0768323
643 0.528771 -0.0768649
644 0.529503 -0.0767587
645 0.528682 -0.0767587
646 0.529412 -0.0767236
647 0.530139 -0.0767162
648 0.530864 -0.0767619
649 0.531587 -0.0767232
650 0.530769 -0.0767232
651 0.53149 -0.0765617
652 0.532209 -0.07654
653 0.531394 -0.07654
654 0.530581 -0.07654
655 0.529771 -0.07654
656 0.528963 -0.07654
657 0.52968 -0.0765059
658 0.528875 -0.0765059
659 0.528073 -0.0765059
660 0.528788 -0.0765107
661 0.529501 -0.0765437
662 0.528701 -0.0765437
663 0.529412 -0.0765153
664 0.528614 -0.0765153
665 0.529323 -0.0764863
666 0.53003 -0.0764468
667 0.530735 -0.07664
668 0.52994 -0.07664
669 0.530643 -0.0766344
670 0.529851 -0.0766344
671 0.530551 -0.0766407
672 0.53125 -0.0766071
673 0.531947 -0.0766002
674 0.532641 -0.0765122
675 0.531852 -0.0765122
676 0.531065 -0.0765122
677 0.531758 -0.0765453
678 0.532448 -0.0765365
679 0.533137 -0.0765354
680 0.532353 -0.0765354
681 0.531571 -0.0765354
682 0.530792 -0.0765354
683 0.530015 -0.0765354
684 0.530702 -0.0765079
685 0.531387 -0.076471
686 0.530612 -0.076471
687 0.531295 -0.0764785
688 0.530523 -0.0764785
689 0.529753 -0.0764785
690 0.528986 -0.0764785
691 0.529667 -0.0764426
692 0.528902 -0.0764426
693 0.529582 -0.0764404
694 0.530259 -0.0764348
695 0.530935 -0.0762963
696 0.530172 -0.0762963
697 0.529412 -0.0762963
698 0.528653 -0.0762963
699 0.527897 -0.0762963
700 0.528571 -0.076247
701 0.527817 -0.076247
702 0.52849 -0.0762145
703 0.529161 -0.076293
704 0.52983 -0.0762269
705 0.530496 -0.0761538
706 0.529745 -0.0761538
707 0.528996 -0.0761538
708 0.529661 -0.0762449
709 0.530324 -0.0762311
710 0.530986 -0.0762065
711 0.530239 -0.0762065
712 0.530899 -0.0761064
713 0.531557 -0.0761078
714 0.530812 -0.0761078
715 0.531469 -0.0760921
716 0.530726 -0.0760921
717 0.531381 -0.0760686
718 0.532033 -0.0761219
719 0.532684 -0.07605
720 0.533333 -0.0760267
721 0.533981 -0.0760375
722 0.533241 -0.0760375
723 0.532503 -0.0760375
724 0.533149 -0.0760332
725 0.532414 -0.0760332
726 0.53168 -0.0760332
727 0.530949 -0.0760332
728 0.53022 -0.0760332
729 0.530864 -0.0761097
730 0.531507 -0.0760973
731 0.532148 -0.0759741
732 0.532787 -0.0758804
733 0.533424 -0.0758475
734 0.532698 -0.0758475
735 0.531973 -0.0758475
736 0.53125 -0.0758475
737 0.531886 -0.0758129
738 0.53252 -0.0757757
739 0.533153 -0.0757703
740 0.532432 -0.0757703
741 0.533063 -0.0757718
742 0.533693 -0.0760349
743 0.532974 -0.0760349
744 0.532258 -0.0760349
745 0.532886 -0.0760745
746 0.532172 -0.0760745
747 0.532798 -0.0760069
748 0.533422 -0.0758749
749 0.534045 -0.0758622
750 0.534667 -0.0758311
751 0.535286 -0.0758324
752 0.534574 -0.0758324
753 0.535193 -0.0757952
754 0.535809 -0.0757434
755 0.536424 -0.07585
756 0.535714 -0.07585
757 0.535007 -0.07585
758 0.53562 -0.0757941
759 0.534914 -0.0757941
760 0.534211 -0.0757941
761 0.533509 -0.0757941
762 0.534121 -0.075707
763 0.533421 -0.075707
764 0.532723 -0.075707
765 0.532026 -0.075707
766 0.531332 -0.075707
767 0.530639 -0.075707
768 0.529948 -0.075707
769 0.529259 -0.075707
770 0.52987 -0.0758462
771 0.529183 -0.0758462
772 0.528497 -0.0758462
773 0.529107 -0.0758027
774 0.529716 -0.075768
775 0.529032 -0.075768
776 0.529639 -0.0757225
777 0.530245 -0.0756585
778 0.530848 -0.0756958
779 0.530167 -0.0756958
780 0.530769 -0.0756843
781 0.53009 -0.0756843
782 0.530691 -0.0756933
783 0.53129 -0.0756994
784 0.531888 -0.0756091
785 0.532484 -0.0756064
786 0.531807 -0.0756064
787 0.532402 -0.0756704
788 0.532995 -0.0756572
789 0.533587 -0.0755948
790 0.534177 -0.0755821
791 0.534766 -0.0755434
792 0.535354 -0.0755826
793 0.535939 -0.0755863
794 0.535264 -0.0755863
795 0.535849 -0.0755822
796 0.536432 -0.075537
797 0.537014 -0.0755506
798 0.536341 -0.0755506
799 0.53567 -0.0755506
800 0.53625 -0.0754556
801 0.536829 -0.0754676
802 0.53616 -0.0754676
803 0.535492 -0.0754676
804 0.53607 -0.0754274
805 0.535404 -0.0754274
806 0.53598 -0.0754592
807 0.535316 -0.0754592
808 0.535891 -0.0754034
809 0.536465 -0.0754616
810 0.535802 -0.0754616
811 0.536375 -0.0754142
812 0.535714 -0.0754142
813 0.536285 -0.0754461
814 0.535627 -0.0754461
815 0.536196 -0.0753578
816 0.535539 -0.0753578
817 0.536108 -0.0753035
818 0.536675 -0.0753545
819 0.53602 -0.0753545
820 0.536585 -0.0753385
821 0.535932 -0.0753385
822 0.53528 -0.0753385
823 0.534629 -0.0753385
824 0.535194 -0.0752543
825 0.534545 -0.0752543
826 0.533898 -0.0752543
827 0.534462 -0.0752726
828 0.533816 -0.0752726
829 0.534379 -0.0753586
830 0.533735 -0.0753586
831 0.534296 -0.0753545
832 0.534856 -0.0752563
833 0.535414 -0.0752503
834 0.535971 -0.0752711
835 0.536527 -0.0751971
836 0.535885 -0.0751971
837 0.53644 -0.0750781
838 0.5358 -0.0750781
839 0.535161 -0.0750781
840 0.535714 -0.0750508
841 0.536266 -0.0750271
842 0.536817 -0.0750073
843 0.53618 -0.0750073
844 0.535545 -0.0750073
845 0.534911 -0.0750073
846 0.534279 -0.0750073
847 0.533648 -0.0750073
848 0.533019 -0.0750073
849 0.533569 -0.0749647
850 0.534118 -0.0749847
851 0.53349 -0.0749847
852 0.532864 -0.0749847
853 0.533411 -0.0749909
854 0.533958 -0.0749564
855 0.534503 -0.074921
856 0.535047 -0.0749227
857 0.534422 -0.0749227
858 0.5338 -0.0749227
859 0.534342 -0.0748601
860 0.533721 -0.0748601
861 0.534262 -0.0748317
862 0.534803 -0.0748366
863 0.535342 -0.074823
864 0.534722 -0.074823
865 0.53526 -0.0747998
866 0.534642 -0.0747998
867 0.535179 -0.0747808
868 0.534562 -0.0747808
869 0.535098 -0.0748018
870 0.535632 -0.0747974
871 0.535017 -0.0747974
872 0.53555 -0.0748864
873 0.534937 -0.0748864
874 0.534325 -0.0748864
875 0.533714 -0.0748864
876 0.534247 -0.0748337
877 0.533637 -0.0748337
878 0.53303 -0.0748337
879 0.533561 -0.0748197
880 0.534091 -0.074805
881 0.53462 -0.0748177
882 0.535147 -0.0747607
883 0.535674 -0.0746305
884 0.535068 -0.0746305
885 0.534463 -0.0746305
886 0.53386 -0.0746305
887 0.534386 -0.0746146
888 0.533784 -0.0746146
889 0.534308 -0.0745521
890 0.534831 -0.0746135
891 0.535354 -0.074637
892 0.534753 -0.074637
893 0.535274 -0.0746685
894 0.534676 -0.0746685
895 0.535196 -0.074522
896 0.534598 -0.074522
897 0.535117 -0.0744792
898 0.534521 -0.0744792
899 0.535039 -0.0744591
900 0.535556 -0.0744692
901 0.536071 -0.0744749
902 0.535477 -0.0744749
903 0.534884 -0.0744749
904 0.534292 -0.0744749
905 0.534807 -0.0744136
906 0.534216 -0.0744136
907 0.533627 -0.0744136
908 0.534141 -0.074356
909 0.534653 -0.0743111
910 0.534066 -0.0743111
911 0.534577 -0.074288
912 0.535088 -0.0743543
913 0.535597 -0.07441
914 0.536105 -0.0744006
915 0.536612 -0.0743203
916 0.536026 -0.0743203
917 0.535442 -0.0743203
918 0.535948 -0.0743667
919 0.535365 -0.0743667
920 0.53587 -0.0744602
921 0.536374 -0.0744061
922 0.536876 -0.0744544
923 0.537378 -0.0745335
924 0.537879 -0.0744653
925 0.538378 -0.0744756
926 0.537797 -0.0744756
927 0.538296 -0.0745813
928 0.537716 -0.0745813
929 0.537137 -0.0745813
930 0.536559 -0.0745813
931 0.537057 -0.0745805
932 0.536481 -0.0745805
933 0.536977 -0.0745296
934 0.537473 -0.0745222
935 0.536898 -0.0745222
936 0.537393 -0.0745079
937 0.537887 -0.0745312
938 0.537313 -0.0745312
939 0.536741 -0.0745312
940 0.537234 -0.0745775
941 0.536663 -0.0745775
942 0.537155 -0.0745805
943 0.537646 -0.0746925
944 0.537076 -0.0746925
945 0.536508 -0.0746925
946 0.535941 -0.0746925
947 0.536431 -0.0747095
948 0.535865 -0.0747095
949 0.5353 -0.0747095
950 0.535789 -0.0747741
951 0.535226 -0.0747741
952 0.534664 -0.0747741
953 0.535152 -0.0746922
954 0.535639 -0.0745724
955 0.536126 -0.0745719
956 0.536611 -0.0744432
957 0.537095 -0.0744788
958 0.536534 -0.0744788
959 0.537018 -0.0744449
960 0.536458 -0.0744449
961 0.5359 -0.0744449
962 0.535343 -0.0744449
963 0.535826 -0.0742758
964 0.53527 -0.0742758
965 0.535751 -0.0742409
966 0.536232 -0.0741812
967 0.535677 -0.0741812
968 0.536157 -0.0740892
969 0.536636 -0.074106
970 0.537113 -0.0740908
971 0.53759 -0.0740312
972 0.538066 -0.0740129
973 0.538541 -0.0740813
974 0.539014 -0.0740113
975 0.539487 -0.0739688
976 0.539959 -0.0739427
977 0.539406 -0.0739427
978 0.539877 -0.0740151
979 0.540347 -0.0739832
980 0.539796 -0.0739832
981 0.540265 -0.0738766
982 0.540733 -0.0739265
983 0.5412 -0.0738776
984 0.541667 -0.0738355
985 0.542132 -0.0738195
986 0.541582 -0.0738195
987 0.542047 -0.0738029
988 0.541498 -0.0738029
989 0.541962 -0.0736775
990 0.542424 -0.0736692
991 0.542886 -0.0736625
992 0.542339 -0.0736625
993 0.541793 -0.0736625
994 0.542254 -0.0736333
995 0.542714 -0.0736586
996 0.542169 -0.0736586
997 0.542628 -0.0735911
998 0.543086 -0.0735717
999 0.542543 -0.0735717
1000 0.543 -0.0735606
