N E_non-periodic [eV] E_periodic [eV] 
1 -0.0151366 -0.0151366
2 -0.0425149 -0.0707072
3 -0.0556043 -0.0844604
4 -0.063046 -0.0874803
5 -0.0678227 -0.0885007
6 -0.0711435 -0.088939
7 -0.0735845 -0.0891582
8 -0.0754539 -0.08928
9 -0.0769312 -0.089353
10 -0.078128 -0.0893994
11 -0.0791171 -0.0894304
12 -0.0799483 -0.0894518
13 -0.0806566 -0.0894671
14 -0.0812673 -0.0894784
15 -0.0817993 -0.0894868
16 -0.082267 -0.0894932
17 -0.0826812 -0.0894982
18 -0.0830507 -0.0895022
19 -0.0833824 -0.0895053
20 -0.0836817 -0.0895079
