0 0 0 
2.628e-10 2.628e-10 0 
2.628e-10 0 2.628e-10 
0 2.628e-10 2.628e-10 
5.256e-10 0 0 
7.884e-10 2.628e-10 0 
7.884e-10 0 2.628e-10 
5.256e-10 2.628e-10 2.628e-10 
1.0512e-09 0 0 
1.314e-09 2.628e-10 0 
1.314e-09 0 2.628e-10 
1.0512e-09 2.628e-10 2.628e-10 
1.5768e-09 0 0 
1.8396e-09 2.628e-10 0 
1.8396e-09 0 2.628e-10 
1.5768e-09 2.628e-10 2.628e-10 
2.1024e-09 0 0 
2.3652e-09 2.628e-10 0 
2.3652e-09 0 2.628e-10 
2.1024e-09 2.628e-10 2.628e-10 
0 5.256e-10 0 
2.628e-10 7.884e-10 0 
2.628e-10 5.256e-10 2.628e-10 
0 7.884e-10 2.628e-10 
5.256e-10 5.256e-10 0 
7.884e-10 7.884e-10 0 
7.884e-10 5.256e-10 2.628e-10 
5.256e-10 7.884e-10 2.628e-10 
1.0512e-09 5.256e-10 0 
1.314e-09 7.884e-10 0 
1.314e-09 5.256e-10 2.628e-10 
1.0512e-09 7.884e-10 2.628e-10 
1.5768e-09 5.256e-10 0 
1.8396e-09 7.884e-10 0 
1.8396e-09 5.256e-10 2.628e-10 
1.5768e-09 7.884e-10 2.628e-10 
2.1024e-09 5.256e-10 0 
2.3652e-09 7.884e-10 0 
2.3652e-09 5.256e-10 2.628e-10 
2.1024e-09 7.884e-10 2.628e-10 
0 1.0512e-09 0 
2.628e-10 1.314e-09 0 
2.628e-10 1.0512e-09 2.628e-10 
0 1.314e-09 2.628e-10 
5.256e-10 1.0512e-09 0 
7.884e-10 1.314e-09 0 
7.884e-10 1.0512e-09 2.628e-10 
5.256e-10 1.314e-09 2.628e-10 
1.0512e-09 1.0512e-09 0 
1.314e-09 1.314e-09 0 
1.314e-09 1.0512e-09 2.628e-10 
1.0512e-09 1.314e-09 2.628e-10 
1.5768e-09 1.0512e-09 0 
1.8396e-09 1.314e-09 0 
1.8396e-09 1.0512e-09 2.628e-10 
1.5768e-09 1.314e-09 2.628e-10 
2.1024e-09 1.0512e-09 0 
2.3652e-09 1.314e-09 0 
2.3652e-09 1.0512e-09 2.628e-10 
2.1024e-09 1.314e-09 2.628e-10 
0 1.5768e-09 0 
2.628e-10 1.8396e-09 0 
2.628e-10 1.5768e-09 2.628e-10 
0 1.8396e-09 2.628e-10 
5.256e-10 1.5768e-09 0 
7.884e-10 1.8396e-09 0 
7.884e-10 1.5768e-09 2.628e-10 
5.256e-10 1.8396e-09 2.628e-10 
1.0512e-09 1.5768e-09 0 
1.314e-09 1.8396e-09 0 
1.314e-09 1.5768e-09 2.628e-10 
1.0512e-09 1.8396e-09 2.628e-10 
1.5768e-09 1.5768e-09 0 
1.8396e-09 1.8396e-09 0 
1.8396e-09 1.5768e-09 2.628e-10 
1.5768e-09 1.8396e-09 2.628e-10 
2.1024e-09 1.5768e-09 0 
2.3652e-09 1.8396e-09 0 
2.3652e-09 1.5768e-09 2.628e-10 
2.1024e-09 1.8396e-09 2.628e-10 
0 2.1024e-09 0 
2.628e-10 2.3652e-09 0 
2.628e-10 2.1024e-09 2.628e-10 
0 2.3652e-09 2.628e-10 
5.256e-10 2.1024e-09 0 
7.884e-10 2.3652e-09 0 
7.884e-10 2.1024e-09 2.628e-10 
5.256e-10 2.3652e-09 2.628e-10 
1.0512e-09 2.1024e-09 0 
1.314e-09 2.3652e-09 0 
1.314e-09 2.1024e-09 2.628e-10 
1.0512e-09 2.3652e-09 2.628e-10 
1.5768e-09 2.1024e-09 0 
1.8396e-09 2.3652e-09 0 
1.8396e-09 2.1024e-09 2.628e-10 
1.5768e-09 2.3652e-09 2.628e-10 
2.1024e-09 2.1024e-09 0 
2.3652e-09 2.3652e-09 0 
2.3652e-09 2.1024e-09 2.628e-10 
2.1024e-09 2.3652e-09 2.628e-10 
0 0 5.256e-10 
2.628e-10 2.628e-10 5.256e-10 
2.628e-10 0 7.884e-10 
0 2.628e-10 7.884e-10 
5.256e-10 0 5.256e-10 
7.884e-10 2.628e-10 5.256e-10 
7.884e-10 0 7.884e-10 
5.256e-10 2.628e-10 7.884e-10 
1.0512e-09 0 5.256e-10 
1.314e-09 2.628e-10 5.256e-10 
1.314e-09 0 7.884e-10 
1.0512e-09 2.628e-10 7.884e-10 
1.5768e-09 0 5.256e-10 
1.8396e-09 2.628e-10 5.256e-10 
1.8396e-09 0 7.884e-10 
1.5768e-09 2.628e-10 7.884e-10 
2.1024e-09 0 5.256e-10 
2.3652e-09 2.628e-10 5.256e-10 
2.3652e-09 0 7.884e-10 
2.1024e-09 2.628e-10 7.884e-10 
0 5.256e-10 5.256e-10 
2.628e-10 7.884e-10 5.256e-10 
2.628e-10 5.256e-10 7.884e-10 
0 7.884e-10 7.884e-10 
5.256e-10 5.256e-10 5.256e-10 
7.884e-10 7.884e-10 5.256e-10 
7.884e-10 5.256e-10 7.884e-10 
5.256e-10 7.884e-10 7.884e-10 
1.0512e-09 5.256e-10 5.256e-10 
1.314e-09 7.884e-10 5.256e-10 
1.314e-09 5.256e-10 7.884e-10 
1.0512e-09 7.884e-10 7.884e-10 
1.5768e-09 5.256e-10 5.256e-10 
1.8396e-09 7.884e-10 5.256e-10 
1.8396e-09 5.256e-10 7.884e-10 
1.5768e-09 7.884e-10 7.884e-10 
2.1024e-09 5.256e-10 5.256e-10 
2.3652e-09 7.884e-10 5.256e-10 
2.3652e-09 5.256e-10 7.884e-10 
2.1024e-09 7.884e-10 7.884e-10 
0 1.0512e-09 5.256e-10 
2.628e-10 1.314e-09 5.256e-10 
2.628e-10 1.0512e-09 7.884e-10 
0 1.314e-09 7.884e-10 
5.256e-10 1.0512e-09 5.256e-10 
7.884e-10 1.314e-09 5.256e-10 
7.884e-10 1.0512e-09 7.884e-10 
5.256e-10 1.314e-09 7.884e-10 
1.0512e-09 1.0512e-09 5.256e-10 
1.314e-09 1.314e-09 5.256e-10 
1.314e-09 1.0512e-09 7.884e-10 
1.0512e-09 1.314e-09 7.884e-10 
1.5768e-09 1.0512e-09 5.256e-10 
1.8396e-09 1.314e-09 5.256e-10 
1.8396e-09 1.0512e-09 7.884e-10 
1.5768e-09 1.314e-09 7.884e-10 
2.1024e-09 1.0512e-09 5.256e-10 
2.3652e-09 1.314e-09 5.256e-10 
2.3652e-09 1.0512e-09 7.884e-10 
2.1024e-09 1.314e-09 7.884e-10 
0 1.5768e-09 5.256e-10 
2.628e-10 1.8396e-09 5.256e-10 
2.628e-10 1.5768e-09 7.884e-10 
0 1.8396e-09 7.884e-10 
5.256e-10 1.5768e-09 5.256e-10 
7.884e-10 1.8396e-09 5.256e-10 
7.884e-10 1.5768e-09 7.884e-10 
5.256e-10 1.8396e-09 7.884e-10 
1.0512e-09 1.5768e-09 5.256e-10 
1.314e-09 1.8396e-09 5.256e-10 
1.314e-09 1.5768e-09 7.884e-10 
1.0512e-09 1.8396e-09 7.884e-10 
1.5768e-09 1.5768e-09 5.256e-10 
1.8396e-09 1.8396e-09 5.256e-10 
1.8396e-09 1.5768e-09 7.884e-10 
1.5768e-09 1.8396e-09 7.884e-10 
2.1024e-09 1.5768e-09 5.256e-10 
2.3652e-09 1.8396e-09 5.256e-10 
2.3652e-09 1.5768e-09 7.884e-10 
2.1024e-09 1.8396e-09 7.884e-10 
0 2.1024e-09 5.256e-10 
2.628e-10 2.3652e-09 5.256e-10 
2.628e-10 2.1024e-09 7.884e-10 
0 2.3652e-09 7.884e-10 
5.256e-10 2.1024e-09 5.256e-10 
7.884e-10 2.3652e-09 5.256e-10 
7.884e-10 2.1024e-09 7.884e-10 
5.256e-10 2.3652e-09 7.884e-10 
1.0512e-09 2.1024e-09 5.256e-10 
1.314e-09 2.3652e-09 5.256e-10 
1.314e-09 2.1024e-09 7.884e-10 
1.0512e-09 2.3652e-09 7.884e-10 
1.5768e-09 2.1024e-09 5.256e-10 
1.8396e-09 2.3652e-09 5.256e-10 
1.8396e-09 2.1024e-09 7.884e-10 
1.5768e-09 2.3652e-09 7.884e-10 
2.1024e-09 2.1024e-09 5.256e-10 
2.3652e-09 2.3652e-09 5.256e-10 
2.3652e-09 2.1024e-09 7.884e-10 
2.1024e-09 2.3652e-09 7.884e-10 
0 0 1.0512e-09 
2.628e-10 2.628e-10 1.0512e-09 
2.628e-10 0 1.314e-09 
0 2.628e-10 1.314e-09 
5.256e-10 0 1.0512e-09 
7.884e-10 2.628e-10 1.0512e-09 
7.884e-10 0 1.314e-09 
5.256e-10 2.628e-10 1.314e-09 
1.0512e-09 0 1.0512e-09 
1.314e-09 2.628e-10 1.0512e-09 
1.314e-09 0 1.314e-09 
1.0512e-09 2.628e-10 1.314e-09 
1.5768e-09 0 1.0512e-09 
1.8396e-09 2.628e-10 1.0512e-09 
1.8396e-09 0 1.314e-09 
1.5768e-09 2.628e-10 1.314e-09 
2.1024e-09 0 1.0512e-09 
2.3652e-09 2.628e-10 1.0512e-09 
2.3652e-09 0 1.314e-09 
2.1024e-09 2.628e-10 1.314e-09 
0 5.256e-10 1.0512e-09 
2.628e-10 7.884e-10 1.0512e-09 
2.628e-10 5.256e-10 1.314e-09 
0 7.884e-10 1.314e-09 
5.256e-10 5.256e-10 1.0512e-09 
7.884e-10 7.884e-10 1.0512e-09 
7.884e-10 5.256e-10 1.314e-09 
5.256e-10 7.884e-10 1.314e-09 
1.0512e-09 5.256e-10 1.0512e-09 
1.314e-09 7.884e-10 1.0512e-09 
1.314e-09 5.256e-10 1.314e-09 
1.0512e-09 7.884e-10 1.314e-09 
1.5768e-09 5.256e-10 1.0512e-09 
1.8396e-09 7.884e-10 1.0512e-09 
1.8396e-09 5.256e-10 1.314e-09 
1.5768e-09 7.884e-10 1.314e-09 
2.1024e-09 5.256e-10 1.0512e-09 
2.3652e-09 7.884e-10 1.0512e-09 
2.3652e-09 5.256e-10 1.314e-09 
2.1024e-09 7.884e-10 1.314e-09 
0 1.0512e-09 1.0512e-09 
2.628e-10 1.314e-09 1.0512e-09 
2.628e-10 1.0512e-09 1.314e-09 
0 1.314e-09 1.314e-09 
5.256e-10 1.0512e-09 1.0512e-09 
7.884e-10 1.314e-09 1.0512e-09 
7.884e-10 1.0512e-09 1.314e-09 
5.256e-10 1.314e-09 1.314e-09 
1.0512e-09 1.0512e-09 1.0512e-09 
1.314e-09 1.314e-09 1.0512e-09 
1.314e-09 1.0512e-09 1.314e-09 
1.0512e-09 1.314e-09 1.314e-09 
1.5768e-09 1.0512e-09 1.0512e-09 
1.8396e-09 1.314e-09 1.0512e-09 
1.8396e-09 1.0512e-09 1.314e-09 
1.5768e-09 1.314e-09 1.314e-09 
2.1024e-09 1.0512e-09 1.0512e-09 
2.3652e-09 1.314e-09 1.0512e-09 
2.3652e-09 1.0512e-09 1.314e-09 
2.1024e-09 1.314e-09 1.314e-09 
0 1.5768e-09 1.0512e-09 
2.628e-10 1.8396e-09 1.0512e-09 
2.628e-10 1.5768e-09 1.314e-09 
0 1.8396e-09 1.314e-09 
5.256e-10 1.5768e-09 1.0512e-09 
7.884e-10 1.8396e-09 1.0512e-09 
7.884e-10 1.5768e-09 1.314e-09 
5.256e-10 1.8396e-09 1.314e-09 
1.0512e-09 1.5768e-09 1.0512e-09 
1.314e-09 1.8396e-09 1.0512e-09 
1.314e-09 1.5768e-09 1.314e-09 
1.0512e-09 1.8396e-09 1.314e-09 
1.5768e-09 1.5768e-09 1.0512e-09 
1.8396e-09 1.8396e-09 1.0512e-09 
1.8396e-09 1.5768e-09 1.314e-09 
1.5768e-09 1.8396e-09 1.314e-09 
2.1024e-09 1.5768e-09 1.0512e-09 
2.3652e-09 1.8396e-09 1.0512e-09 
2.3652e-09 1.5768e-09 1.314e-09 
2.1024e-09 1.8396e-09 1.314e-09 
0 2.1024e-09 1.0512e-09 
2.628e-10 2.3652e-09 1.0512e-09 
2.628e-10 2.1024e-09 1.314e-09 
0 2.3652e-09 1.314e-09 
5.256e-10 2.1024e-09 1.0512e-09 
7.884e-10 2.3652e-09 1.0512e-09 
7.884e-10 2.1024e-09 1.314e-09 
5.256e-10 2.3652e-09 1.314e-09 
1.0512e-09 2.1024e-09 1.0512e-09 
1.314e-09 2.3652e-09 1.0512e-09 
1.314e-09 2.1024e-09 1.314e-09 
1.0512e-09 2.3652e-09 1.314e-09 
1.5768e-09 2.1024e-09 1.0512e-09 
1.8396e-09 2.3652e-09 1.0512e-09 
1.8396e-09 2.1024e-09 1.314e-09 
1.5768e-09 2.3652e-09 1.314e-09 
2.1024e-09 2.1024e-09 1.0512e-09 
2.3652e-09 2.3652e-09 1.0512e-09 
2.3652e-09 2.1024e-09 1.314e-09 
2.1024e-09 2.3652e-09 1.314e-09 
0 0 1.5768e-09 
2.628e-10 2.628e-10 1.5768e-09 
2.628e-10 0 1.8396e-09 
0 2.628e-10 1.8396e-09 
5.256e-10 0 1.5768e-09 
7.884e-10 2.628e-10 1.5768e-09 
7.884e-10 0 1.8396e-09 
5.256e-10 2.628e-10 1.8396e-09 
1.0512e-09 0 1.5768e-09 
1.314e-09 2.628e-10 1.5768e-09 
1.314e-09 0 1.8396e-09 
1.0512e-09 2.628e-10 1.8396e-09 
1.5768e-09 0 1.5768e-09 
1.8396e-09 2.628e-10 1.5768e-09 
1.8396e-09 0 1.8396e-09 
1.5768e-09 2.628e-10 1.8396e-09 
2.1024e-09 0 1.5768e-09 
2.3652e-09 2.628e-10 1.5768e-09 
2.3652e-09 0 1.8396e-09 
2.1024e-09 2.628e-10 1.8396e-09 
0 5.256e-10 1.5768e-09 
2.628e-10 7.884e-10 1.5768e-09 
2.628e-10 5.256e-10 1.8396e-09 
0 7.884e-10 1.8396e-09 
5.256e-10 5.256e-10 1.5768e-09 
7.884e-10 7.884e-10 1.5768e-09 
7.884e-10 5.256e-10 1.8396e-09 
5.256e-10 7.884e-10 1.8396e-09 
1.0512e-09 5.256e-10 1.5768e-09 
1.314e-09 7.884e-10 1.5768e-09 
1.314e-09 5.256e-10 1.8396e-09 
1.0512e-09 7.884e-10 1.8396e-09 
1.5768e-09 5.256e-10 1.5768e-09 
1.8396e-09 7.884e-10 1.5768e-09 
1.8396e-09 5.256e-10 1.8396e-09 
1.5768e-09 7.884e-10 1.8396e-09 
2.1024e-09 5.256e-10 1.5768e-09 
2.3652e-09 7.884e-10 1.5768e-09 
2.3652e-09 5.256e-10 1.8396e-09 
2.1024e-09 7.884e-10 1.8396e-09 
0 1.0512e-09 1.5768e-09 
2.628e-10 1.314e-09 1.5768e-09 
2.628e-10 1.0512e-09 1.8396e-09 
0 1.314e-09 1.8396e-09 
5.256e-10 1.0512e-09 1.5768e-09 
7.884e-10 1.314e-09 1.5768e-09 
7.884e-10 1.0512e-09 1.8396e-09 
5.256e-10 1.314e-09 1.8396e-09 
1.0512e-09 1.0512e-09 1.5768e-09 
1.314e-09 1.314e-09 1.5768e-09 
1.314e-09 1.0512e-09 1.8396e-09 
1.0512e-09 1.314e-09 1.8396e-09 
1.5768e-09 1.0512e-09 1.5768e-09 
1.8396e-09 1.314e-09 1.5768e-09 
1.8396e-09 1.0512e-09 1.8396e-09 
1.5768e-09 1.314e-09 1.8396e-09 
2.1024e-09 1.0512e-09 1.5768e-09 
2.3652e-09 1.314e-09 1.5768e-09 
2.3652e-09 1.0512e-09 1.8396e-09 
2.1024e-09 1.314e-09 1.8396e-09 
0 1.5768e-09 1.5768e-09 
2.628e-10 1.8396e-09 1.5768e-09 
2.628e-10 1.5768e-09 1.8396e-09 
0 1.8396e-09 1.8396e-09 
5.256e-10 1.5768e-09 1.5768e-09 
7.884e-10 1.8396e-09 1.5768e-09 
7.884e-10 1.5768e-09 1.8396e-09 
5.256e-10 1.8396e-09 1.8396e-09 
1.0512e-09 1.5768e-09 1.5768e-09 
1.314e-09 1.8396e-09 1.5768e-09 
1.314e-09 1.5768e-09 1.8396e-09 
1.0512e-09 1.8396e-09 1.8396e-09 
1.5768e-09 1.5768e-09 1.5768e-09 
1.8396e-09 1.8396e-09 1.5768e-09 
1.8396e-09 1.5768e-09 1.8396e-09 
1.5768e-09 1.8396e-09 1.8396e-09 
2.1024e-09 1.5768e-09 1.5768e-09 
2.3652e-09 1.8396e-09 1.5768e-09 
2.3652e-09 1.5768e-09 1.8396e-09 
2.1024e-09 1.8396e-09 1.8396e-09 
0 2.1024e-09 1.5768e-09 
2.628e-10 2.3652e-09 1.5768e-09 
2.628e-10 2.1024e-09 1.8396e-09 
0 2.3652e-09 1.8396e-09 
5.256e-10 2.1024e-09 1.5768e-09 
7.884e-10 2.3652e-09 1.5768e-09 
7.884e-10 2.1024e-09 1.8396e-09 
5.256e-10 2.3652e-09 1.8396e-09 
1.0512e-09 2.1024e-09 1.5768e-09 
1.314e-09 2.3652e-09 1.5768e-09 
1.314e-09 2.1024e-09 1.8396e-09 
1.0512e-09 2.3652e-09 1.8396e-09 
1.5768e-09 2.1024e-09 1.5768e-09 
1.8396e-09 2.3652e-09 1.5768e-09 
1.8396e-09 2.1024e-09 1.8396e-09 
1.5768e-09 2.3652e-09 1.8396e-09 
2.1024e-09 2.1024e-09 1.5768e-09 
2.3652e-09 2.3652e-09 1.5768e-09 
2.3652e-09 2.1024e-09 1.8396e-09 
2.1024e-09 2.3652e-09 1.8396e-09 
0 0 2.1024e-09 
2.628e-10 2.628e-10 2.1024e-09 
2.628e-10 0 2.3652e-09 
0 2.628e-10 2.3652e-09 
5.256e-10 0 2.1024e-09 
7.884e-10 2.628e-10 2.1024e-09 
7.884e-10 0 2.3652e-09 
5.256e-10 2.628e-10 2.3652e-09 
1.0512e-09 0 2.1024e-09 
1.314e-09 2.628e-10 2.1024e-09 
1.314e-09 0 2.3652e-09 
1.0512e-09 2.628e-10 2.3652e-09 
1.5768e-09 0 2.1024e-09 
1.8396e-09 2.628e-10 2.1024e-09 
1.8396e-09 0 2.3652e-09 
1.5768e-09 2.628e-10 2.3652e-09 
2.1024e-09 0 2.1024e-09 
2.3652e-09 2.628e-10 2.1024e-09 
2.3652e-09 0 2.3652e-09 
2.1024e-09 2.628e-10 2.3652e-09 
0 5.256e-10 2.1024e-09 
2.628e-10 7.884e-10 2.1024e-09 
2.628e-10 5.256e-10 2.3652e-09 
0 7.884e-10 2.3652e-09 
5.256e-10 5.256e-10 2.1024e-09 
7.884e-10 7.884e-10 2.1024e-09 
7.884e-10 5.256e-10 2.3652e-09 
5.256e-10 7.884e-10 2.3652e-09 
1.0512e-09 5.256e-10 2.1024e-09 
1.314e-09 7.884e-10 2.1024e-09 
1.314e-09 5.256e-10 2.3652e-09 
1.0512e-09 7.884e-10 2.3652e-09 
1.5768e-09 5.256e-10 2.1024e-09 
1.8396e-09 7.884e-10 2.1024e-09 
1.8396e-09 5.256e-10 2.3652e-09 
1.5768e-09 7.884e-10 2.3652e-09 
2.1024e-09 5.256e-10 2.1024e-09 
2.3652e-09 7.884e-10 2.1024e-09 
2.3652e-09 5.256e-10 2.3652e-09 
2.1024e-09 7.884e-10 2.3652e-09 
0 1.0512e-09 2.1024e-09 
2.628e-10 1.314e-09 2.1024e-09 
2.628e-10 1.0512e-09 2.3652e-09 
0 1.314e-09 2.3652e-09 
5.256e-10 1.0512e-09 2.1024e-09 
7.884e-10 1.314e-09 2.1024e-09 
7.884e-10 1.0512e-09 2.3652e-09 
5.256e-10 1.314e-09 2.3652e-09 
1.0512e-09 1.0512e-09 2.1024e-09 
1.314e-09 1.314e-09 2.1024e-09 
1.314e-09 1.0512e-09 2.3652e-09 
1.0512e-09 1.314e-09 2.3652e-09 
1.5768e-09 1.0512e-09 2.1024e-09 
1.8396e-09 1.314e-09 2.1024e-09 
1.8396e-09 1.0512e-09 2.3652e-09 
1.5768e-09 1.314e-09 2.3652e-09 
2.1024e-09 1.0512e-09 2.1024e-09 
2.3652e-09 1.314e-09 2.1024e-09 
2.3652e-09 1.0512e-09 2.3652e-09 
2.1024e-09 1.314e-09 2.3652e-09 
0 1.5768e-09 2.1024e-09 
2.628e-10 1.8396e-09 2.1024e-09 
2.628e-10 1.5768e-09 2.3652e-09 
0 1.8396e-09 2.3652e-09 
5.256e-10 1.5768e-09 2.1024e-09 
7.884e-10 1.8396e-09 2.1024e-09 
7.884e-10 1.5768e-09 2.3652e-09 
5.256e-10 1.8396e-09 2.3652e-09 
1.0512e-09 1.5768e-09 2.1024e-09 
1.314e-09 1.8396e-09 2.1024e-09 
1.314e-09 1.5768e-09 2.3652e-09 
1.0512e-09 1.8396e-09 2.3652e-09 
1.5768e-09 1.5768e-09 2.1024e-09 
1.8396e-09 1.8396e-09 2.1024e-09 
1.8396e-09 1.5768e-09 2.3652e-09 
1.5768e-09 1.8396e-09 2.3652e-09 
2.1024e-09 1.5768e-09 2.1024e-09 
2.3652e-09 1.8396e-09 2.1024e-09 
2.3652e-09 1.5768e-09 2.3652e-09 
2.1024e-09 1.8396e-09 2.3652e-09 
0 2.1024e-09 2.1024e-09 
2.628e-10 2.3652e-09 2.1024e-09 
2.628e-10 2.1024e-09 2.3652e-09 
0 2.3652e-09 2.3652e-09 
5.256e-10 2.1024e-09 2.1024e-09 
7.884e-10 2.3652e-09 2.1024e-09 
7.884e-10 2.1024e-09 2.3652e-09 
5.256e-10 2.3652e-09 2.3652e-09 
1.0512e-09 2.1024e-09 2.1024e-09 
1.314e-09 2.3652e-09 2.1024e-09 
1.314e-09 2.1024e-09 2.3652e-09 
1.0512e-09 2.3652e-09 2.3652e-09 
1.5768e-09 2.1024e-09 2.1024e-09 
1.8396e-09 2.3652e-09 2.1024e-09 
1.8396e-09 2.1024e-09 2.3652e-09 
1.5768e-09 2.3652e-09 2.3652e-09 
2.1024e-09 2.1024e-09 2.1024e-09 
2.3652e-09 2.3652e-09 2.1024e-09 
2.3652e-09 2.1024e-09 2.3652e-09 
2.1024e-09 2.3652e-09 2.3652e-09 
