g(r) dist[A]
0 1.85113e-11
0 3.08522e-11
0 4.3193e-11
0 5.55339e-11
0 6.78747e-11
0 8.02156e-11
0 9.25565e-11
0 1.04897e-10
0 1.17238e-10
0 1.29579e-10
0 1.4192e-10
0 1.54261e-10
0 1.66602e-10
0 1.78942e-10
0 1.91283e-10
0 2.03624e-10
0 2.15965e-10
0 2.28306e-10
0 2.40647e-10
0 2.52988e-10
0 2.65329e-10
0 2.77669e-10
0 2.9001e-10
0 3.02351e-10
0 3.14692e-10
0.0446576 3.27033e-10
0.559833 3.39374e-10
1.29345 3.51715e-10
1.88295 3.64055e-10
1.90479 3.76396e-10
1.96752 3.88737e-10
1.77409 4.01078e-10
1.73963 4.13419e-10
1.50191 4.2576e-10
1.16341 4.38101e-10
0.818051 4.50441e-10
0.953424 4.62782e-10
0.867513 4.75123e-10
0.718616 4.87464e-10
0.745711 4.99805e-10
0.637366 5.12146e-10
0.711908 5.24487e-10
0.675411 5.36827e-10
0.665195 5.49168e-10
0.640066 5.61509e-10
0.659974 5.7385e-10
0.736734 5.86191e-10
0.793334 5.98532e-10
0.796806 6.10873e-10
0.906992 6.23214e-10
0.869155 6.35554e-10
0.893256 6.47895e-10
0.904007 6.60236e-10
1.01369 6.72577e-10
1.09967 6.84918e-10
1.03899 6.97259e-10
1.05059 7.096e-10
1.05852 7.2194e-10
1.16277 7.34281e-10
1.12679 7.46622e-10
1.06764 7.58963e-10
0.967511 7.71304e-10
0.898388 7.83645e-10
0.953675 7.95986e-10
0.933917 8.08326e-10
0.918452 8.20667e-10
0.857022 8.33008e-10
0.837196 8.45349e-10
0.857107 8.5769e-10
0.869249 8.70031e-10
0.877314 8.82372e-10
0.856263 8.94712e-10
0.899888 9.07053e-10
0.912624 9.19394e-10
0.899613 9.31735e-10
0.975395 9.44076e-10
0.94647 9.56417e-10
1.01285 9.68758e-10
0.909373 9.81099e-10
1.0418 9.93439e-10
0.953825 1.00578e-09
0.984988 1.01812e-09
0.982905 1.03046e-09
1.03775 1.0428e-09
0.936387 1.05514e-09
1.02594 1.06748e-09
0.949374 1.07983e-09
0.984103 1.09217e-09
0.989644 1.10451e-09
0.926727 1.11685e-09
0.98057 1.12919e-09
0.940238 1.14153e-09
0.900502 1.15387e-09
0.956177 1.16621e-09
0.930239 1.17855e-09
0.90264 1.19089e-09
0.951031 1.20323e-09
0.879288 1.21557e-09
1.0003 1.22792e-09
0.938575 1.24026e-09
