# Time-averaged data for fix data_saving
# TimeStep c_mytemp c_mypress v_myvol c_PE c_KE
0 1100 27183.3 87825.6 -20800.3 756.857
100000 1073.59 39183.9 91913.7 -20100.7 738.689
200000 1098.9 10748.8 96442 -19989.3 756.103
300000 1089.75 19691.2 99496 -19618.8 749.807
400000 1103.75 5285.75 102312 -19522.4 759.435
500000 1105.33 -345.374 103445 -19485.2 760.522
600000 1101.95 -2578.19 103521 -19506 758.196
700000 1079.11 175.119 103240 -19493.7 742.482
800000 1082.21 871.71 103115 -19496.1 744.616
900000 1075.02 -362.691 103173 -19509.6 739.669
1000000 1075.28 -1267.08 103228 -19521.3 739.848
1100000 1093.37 -701.119 103210 -19512.6 752.293
1200000 1093.14 920.491 103149 -19501.6 752.134
1300000 1082.9 1063.55 103124 -19500.5 745.092
1400000 1082.09 415.614 103140 -19510.9 744.536
1500000 1096.98 290.091 103169 -19502.8 754.781
1600000 1058.92 278.607 103158 -19506.6 728.592
1700000 1083.11 1413.96 103102 -19493.3 745.238
1800000 1068.75 -1051.31 103091 -19530.5 735.352
1900000 1062.91 718.571 103094 -19505.3 731.336
2000000 1089.97 620.624 103102 -19507.6 749.957
2100000 1076.68 -472.31 103092 -19524.5 740.811
2200000 1071.33 -1079.71 103060 -19531.7 737.128
2300000 1084.48 15.5989 103018 -19522.6 746.18
2400000 1106.03 48.1634 103049 -19522.7 761.003
2500000 1101.21 366.285 103077 -19518.2 757.692
2600000 1075.75 -270.184 103062 -19521.1 740.172
2700000 1058.28 -256.509 103031 -19525.9 728.15
2800000 1072.22 773.576 102974 -19520.4 737.742
2900000 1070.97 975.18 102978 -19512.3 736.88
3000000 1051 501.532 103011 -19509.8 723.144
3100000 1068.66 454.129 102985 -19525 735.296
3200000 1072.86 470.369 102925 -19523.4 738.186
3300000 1042.59 -1129.74 102938 -19547.2 717.358
3400000 1079.31 30.4657 102992 -19524 742.624
3500000 1073.11 102.611 102987 -19527.4 738.356
3600000 1062.93 -456.542 102898 -19544.5 731.35
3700000 1062.3 -817.591 102852 -19544.4 730.92
3800000 1068.69 231.342 102907 -19527.1 735.317
3900000 1061.75 -813.51 102945 -19539.5 730.538
4000000 1065.89 -853.8 102904 -19550.6 733.389
4100000 1034.19 -128.731 102830 -19544.4 711.577
4200000 1052.66 408.789 102826 -19532.1 724.284
4300000 1045.5 -117.828 102864 -19539.2 719.357
4400000 1050.71 -423.811 102881 -19533.8 722.94
4500000 1082.68 -378.424 102862 -19546.1 744.938
4600000 1070.5 483.881 102818 -19541.2 736.559
4700000 1061.8 4.20614 102785 -19548.8 730.576
4800000 1070.26 125.846 102806 -19541.6 736.393
4900000 1050.91 609.739 102817 -19535 723.084
5000000 1052.86 -65.1486 102790 -19537 724.419
5100000 1028.42 480.445 102741 -19540.4 707.604
5200000 1038.95 -189.716 102709 -19556.3 714.851
5300000 1049.2 264.986 102750 -19541.3 721.902
5400000 1043.63 -105.32 102802 -19542.1 718.072
5500000 1051.56 555.388 102747 -19540.4 723.53
5600000 1033.38 -182.675 102656 -19557.5 711.019
5700000 1035.1 -131.427 102693 -19553.8 712.205
5800000 1022.2 -1084.18 102763 -19559.9 703.323
5900000 1037.95 -47.3976 102680 -19560.2 714.166
6000000 1042.15 755.109 102585 -19559.1 717.051
6100000 1027.94 506.171 102635 -19556.9 707.273
6200000 1017.64 206.601 102734 -19550.3 700.187
6300000 1030.87 -520.567 102719 -19561.2 709.292
6400000 1032.57 779.786 102572 -19556.6 710.465
6500000 1030.02 204.841 102496 -19574.5 708.709
6600000 1040.67 103.355 102609 -19566.8 716.031
6700000 1044.33 -485.246 102706 -19564.6 718.551
6800000 1027.8 -506.197 102622 -19569.4 707.18
6900000 1038.29 1645.65 102467 -19558.1 714.395
7000000 1033.96 333.057 102510 -19566.9 711.42
7100000 1028.53 -664.004 102651 -19571.3 707.679
7200000 1007.97 -1404.46 102692 -19576.1 693.537
7300000 1005.33 135.393 102502 -19572.9 691.719
7400000 1018.64 331.014 102369 -19582.8 700.878
7500000 1010.93 266.69 102511 -19573.8 695.571
7600000 1033.19 -513.446 102667 -19566.4 710.889
7700000 1009.19 -561.803 102563 -19576.2 694.377
7800000 1024.94 1648.76 102315 -19572.9 705.21
7900000 1021.03 1201.36 102334 -19578.4 702.523
8000000 1045.04 51.9607 102594 -19567.8 719.044
8100000 1032.74 -1420.89 102691 -19573.5 710.58
8200000 1015.26 0.944108 102412 -19584 698.551
8300000 1006.22 1946.93 102155 -19580.6 692.332
8400000 1006.78 -258.58 102390 -19588.7 692.715
8500000 1019.18 -2514.49 102748 -19580.5 701.251
8600000 1020.02 -1058.91 102581 -19581.1 701.829
8700000 991.591 851.796 102095 -19597.4 682.266
8800000 1024.24 2574.17 102066 -19581.3 704.733
8900000 1005.65 -1499.12 102615 -19578.8 691.936
9000000 1014 -3209.98 102766 -19588.3 697.683
9100000 1002.56 232.034 102231 -19597.3 689.812
9200000 998.383 2229.27 101884 -19609.8 686.939
9300000 1008.41 176.427 102289 -19595.1 693.841
9400000 1010.91 -884.292 102756 -19563.1 695.555
9500000 1007.3 -1141.19 102472 -19595.3 693.075
9600000 1022.33 1428.36 101944 -19611.1 703.415
9700000 998.757 1373.4 102010 -19605.3 687.196
9800000 1001.06 -1085.31 102468 -19593 688.778
9900000 1006.12 -1433.61 102549 -19584.7 692.262
10000000 1021.85 1117.18 102189 -19591.9 703.084
10100000 990.64 826.169 102023 -19608.3 681.611
10200000 1015.33 -374.919 102246 -19611.5 698.603
10300000 1004.41 -419.271 102409 -19593.6 691.087
10400000 1000.2 -531.434 102287 -19612.6 688.192
10500000 982.843 1382.88 102074 -19599.3 676.247
10600000 1001.38 696.788 102062 -19614.3 689.002
10700000 992.66 408.306 102250 -19596.8 683.001
10800000 986.413 -859.288 102300 -19611.8 678.703
10900000 997.276 75.5579 102145 -19614.7 686.177
11000000 1009.26 1094.9 102042 -19612.3 694.425
11100000 979.088 451.893 102114 -19611.4 673.663
11200000 987.95 -541.72 102241 -19609.1 679.761
11300000 959.536 535.735 102192 -19594.5 660.21
11400000 958.373 -379.709 102004 -19628.5 659.41
11500000 973.41 897.408 101950 -19617.4 669.756
11600000 964.309 472.075 102130 -19604.6 663.494
11700000 990.73 -697.297 102219 -19616 681.673
11800000 972.368 -518.286 102056 -19630.5 669.04
11900000 972.745 -298.282 101912 -19640.6 669.299
12000000 990.06 -322.964 102004 -19627.5 681.212
12100000 983.951 -433.91 102159 -19618.7 677.009
12200000 975.775 660.366 102094 -19608.5 671.384
12300000 978.268 695.029 101888 -19632.1 673.099
12400000 975.971 -943.308 101898 -19645.7 671.519
12500000 976.88 -1504.38 102089 -19637.2 672.144
12600000 957.947 -1738.99 102084 -19642.7 659.117
12700000 970.21 624.74 101889 -19628.9 667.555
12800000 970.574 291.453 101824 -19640 667.805
12900000 969.57 332.647 101956 -19625.3 667.114
13000000 977.496 -730.562 102048 -19629 672.568
13100000 954.079 1209.73 101954 -19616.6 656.456
13200000 982.418 291.645 101811 -19642.7 675.954
13300000 977.698 1179.92 101837 -19625 672.707
13400000 977.507 -338.572 102014 -19630.9 672.576
13500000 962.028 102.922 101993 -19626.6 661.925
13600000 945.922 267.529 101741 -19639.6 650.843
13700000 967.329 2124.05 101654 -19636.4 665.573
13800000 968.141 -545.864 101887 -19639.8 666.131
13900000 953.795 -1610.2 102038 -19639.7 656.26
14000000 961.276 492.642 101815 -19638.1 661.408
14100000 960.237 695.783 101603 -19657.9 660.692
14200000 957.01 -313.838 101756 -19652.6 658.473
14300000 953.752 -981.936 101973 -19641.3 656.23
14400000 950.623 -895.857 101891 -19648.9 654.078
14500000 955.984 -343.297 101613 -19672.7 657.767
14600000 958.819 636.454 101570 -19664.4 659.717
14700000 942.837 -1796.09 101850 -19660.1 648.721
14800000 943.016 -1098.23 101965 -19645 648.844
14900000 970.757 653.187 101716 -19647.1 667.931
15000000 959.719 1276.67 101494 -19663 660.337
15100000 939.505 -25.1482 101648 -19656.8 646.428
15200000 947.391 -1309.5 101909 -19653.1 651.854
15300000 933.174 -598.811 101820 -19658.5 642.072
15400000 944.963 2083.57 101513 -19648.1 650.184
15500000 958.611 1185.75 101490 -19663.4 659.574
15600000 949.122 362.175 101742 -19648.4 653.045
15700000 958.993 -835.476 101856 -19647.9 659.837
15800000 968.325 471.225 101622 -19660.4 666.258
15900000 943.26 1145.55 101385 -19673.2 649.012
16000000 957.306 181.471 101549 -19675.9 658.676
16100000 932.309 -1516.43 101817 -19662.2 641.477
16200000 929.809 -68.3888 101727 -19656.4 639.757
16300000 931.212 1234.44 101371 -19679 640.722
16400000 937.218 1690.42 101313 -19673.8 644.854
16500000 919.75 -425.062 101680 -19666.7 632.836
16600000 942.303 -1601.52 101845 -19668 648.353
16700000 924.9 505.397 101516 -19672.7 636.379
16800000 951.77 1133.96 101249 -19688.6 654.867
16900000 933.143 1000.47 101414 -19674 642.051
17000000 928.217 -1236.97 101736 -19670.1 638.661
17100000 927.042 -793.413 101672 -19670.5 637.853
17200000 944.63 247.553 101302 -19695 649.954
17300000 923.467 -7.41337 101225 -19704.9 635.393
17400000 913.041 -284.47 101529 -19676.7 628.219
17500000 922.78 -1439.81 101715 -19676.1 634.921
17600000 933.141 -19.7653 101432 -19683.5 642.05
17700000 928.001 910.935 101133 -19696.6 638.513
17800000 923.599 370.518 101312 -19686.6 635.484
17900000 902.884 -1612.56 101661 -19680.1 621.231
18000000 917.114 -1853.39 101567 -19695.1 631.022
18100000 908.058 130.532 101189 -19703.3 624.791
18200000 898.652 1477.23 101114 -19698.3 618.319
18300000 906.727 -990.121 101405 -19701.1 623.875
18400000 926.384 -1111.32 101614 -19678.7 637.4
18500000 933.288 35.7302 101402 -19689.9 642.151
18600000 925.07 718.154 101096 -19705.7 636.496
18700000 918.631 978.584 101150 -19699 632.066
18800000 921.911 -379.846 101426 -19701.6 634.322
18900000 908.004 -2019.73 101454 -19705.8 624.754
19000000 905.435 887.021 101204 -19695.3 622.986
19100000 909.758 1913.51 101075 -19697.1 625.961
19200000 894.932 508.863 101202 -19703.8 615.76
19300000 906.059 -1615.34 101375 -19705.3 623.415
19400000 897.28 -676.208 101301 -19708.3 617.375
19500000 908.007 676.431 101104 -19709.8 624.756
19600000 893.835 322.485 101089 -19709 615.005
19700000 890.109 -643.354 101261 -19711.1 612.441
19800000 919.438 -1150.76 101330 -19710.5 632.621
19900000 906.629 478.336 101179 -19704.6 623.808
20000000 886.669 234.633 101026 -19717.3 610.074
20100000 899.303 359.944 101080 -19717.8 618.767
20200000 902.541 -899.831 101257 -19712.1 620.995
20300000 902.9 -702.699 101245 -19714.3 621.242
20400000 894.06 1219.99 101019 -19704.7 615.16
20500000 884.651 -227.673 100951 -19731 608.685
20600000 898.991 414.36 101108 -19709.3 618.553
20700000 901.542 -1439.09 101261 -19717.8 620.308
20800000 906.578 -67.0321 101133 -19720.5 623.772
20900000 889.2 4.09913 100909 -19735.9 611.815
21000000 891.296 1075.68 100938 -19721.4 613.258
21100000 878.581 -545.305 101139 -19721.4 604.509
21200000 888.787 -521.38 101187 -19710.7 611.532
21300000 891.349 -446.683 100977 -19735.8 613.294
21400000 875.08 835.329 100826 -19737 602.101
21500000 884.852 682.538 100960 -19729.1 608.824
21600000 879.056 -926.392 101154 -19725.9 604.836
21700000 883.202 -810.491 101050 -19732 607.688
21800000 880.907 1687.22 100828 -19722.5 606.11
21900000 881.697 696.022 100810 -19736.5 606.653
22000000 889.33 -889.45 101014 -19740 611.905
22100000 877.674 -784.57 101110 -19732.2 603.885
22200000 884.886 -1121.25 100889 -19752.3 608.848
22300000 879.147 1221.91 100691 -19747.1 604.899
22400000 876.34 310.268 100819 -19742.1 602.967
22500000 891.977 -752.678 101061 -19737.1 613.726
22600000 865.734 -578.446 101014 -19738.9 595.67
22700000 883.637 1076.81 100698 -19746.6 607.988
22800000 870.892 1543.78 100612 -19738.7 599.218
22900000 860.207 -1510.33 100922 -19760.6 591.867
23000000 887.106 -2164.25 101059 -19758.1 610.375
23100000 870.378 -516.943 100778 -19754.2 598.865
23200000 865.64 1024.13 100532 -19762.7 595.605
23300000 871.931 -1057.19 100711 -19774.2 599.934
23400000 870.148 -1069.93 101018 -19745 598.707
23500000 875.942 -1209.33 100912 -19756.2 602.693
23600000 868.497 489.431 100584 -19761.6 597.571
23700000 878.954 958.102 100573 -19765.4 604.766
23800000 867.737 -293.244 100827 -19754.1 597.048
23900000 871.012 -1423.14 100933 -19753.6 599.302
24000000 855.09 718.779 100662 -19753.3 588.346
24100000 854.947 779.213 100413 -19777.5 588.248
24200000 863.638 -221.725 100615 -19768.7 594.227
24300000 861.174 -1618.45 100916 -19757.1 592.532
24400000 861.391 193.081 100820 -19746.2 592.682
24500000 866.595 1102.12 100485 -19764.7 596.262
24600000 851.44 1937.77 100419 -19760.7 585.835
24700000 851.478 533.679 100711 -19747.4 585.861
24800000 869.955 -1302.59 100868 -19760.5 598.574
24900000 864.815 -1010.92 100616 -19779.1 595.038
25000000 853.12 489.171 100352 -19793.2 586.991
25100000 864.805 766.529 100460 -19780.8 595.031
25200000 854.559 -557.619 100745 -19762 587.981
25300000 845.659 -703.266 100723 -19766.9 581.857
25400000 852.354 -103.555 100431 -19789.8 586.463
25500000 836.276 344.925 100335 -19791.6 575.402
25600000 840.749 -62.1692 100565 -19768 578.479
25700000 828.737 -1018.81 100692 -19775.4 570.214
25800000 838.314 -488.57 100517 -19785.3 576.803
25900000 836.208 2048.57 100339 -19763.3 575.354
26000000 831.204 137.355 100415 -19781.1 571.911
26100000 823.197 -714.924 100584 -19780.9 566.402
26200000 836.642 -1149.07 100534 -19790.3 575.653
26300000 828.448 667.255 100336 -19784.1 570.015
26400000 836.946 233.819 100319 -19794.1 575.862
26500000 845.113 -171.298 100488 -19784.2 581.482
26600000 833.064 -1071.22 100506 -19791.4 573.191
26700000 850.178 424.106 100356 -19791.6 584.967
26800000 851.32 897.714 100284 -19792.2 585.752
26900000 840.803 844.999 100398 -19781.1 578.516
27000000 835.843 -1093.27 100467 -19801.8 575.103
27100000 835.723 -1731.73 100317 -19816.1 575.021
27200000 811.095 267.216 100232 -19802.7 558.075
27300000 825.91 -600.145 100337 -19803.5 568.269
27400000 844.818 -256.568 100422 -19792.6 581.279
27500000 818.391 -1031.3 100300 -19811.2 563.095
27600000 834.857 583.951 100155 -19807.9 574.425
27700000 808.459 -165.533 100198 -19811.9 556.262
27800000 816.725 -943.468 100346 -19808.2 561.949
27900000 802.961 -1189.27 100360 -19812.8 552.479
28000000 820.139 413.936 100186 -19804.4 564.298
28100000 833.92 796.254 100087 -19809.3 573.78
28200000 828.424 195.392 100233 -19809.4 569.998
28300000 818.332 532.412 100350 -19790.3 563.054
28400000 819.859 -215.404 100198 -19812.9 564.105
28500000 804.669 1243.6 99987.8 -19817.5 553.654
28600000 816.851 877.201 100058 -19815.9 562.036
28700000 817.14 -41.2985 100308 -19801.1 562.235
28800000 825.995 -1497.81 100309 -19822.9 568.327
28900000 811.467 1052.22 100030 -19821.2 558.331
29000000 815.605 935.093 99916 -19821.3 561.178
29100000 815.353 -234.459 100112 -19818 561.005
29200000 817.056 -659.163 100294 -19806.4 562.177
29300000 798.883 -622.333 100172 -19818.9 549.673
29400000 802.722 166.954 99907 -19841.8 552.314
29500000 811.713 752.188 99899.3 -19828.7 558.501
29600000 804.817 301.34 100139 -19811.2 553.755
29700000 807.064 -1389.89 100239 -19822.7 555.302
29800000 790.193 -156.188 100000 -19833.6 543.694
29900000 801.181 1891.39 99785.6 -19827.9 551.254
30000000 799.715 764.528 99937.6 -19828.9 550.245
30100000 803.662 -1290.6 100198 -19828 552.961
30200000 809.464 -525.087 100116 -19827.3 556.953
30300000 799.537 646.439 99794.6 -19845 550.123
30400000 787.187 1064.64 99754.1 -19841.5 541.625
30500000 800.674 -525.743 100064 -19830.5 550.905
30600000 805.224 -989.81 100199 -19829.7 554.036
30700000 784.075 701.386 99863.3 -19836.9 539.484
30800000 799.045 1672.38 99631 -19849.3 549.784
30900000 800.329 -83.7648 99864.1 -19843.5 550.668
31000000 790.948 -1310.19 100176 -19829.4 544.213
31100000 790.199 -135.291 99999.7 -19830.5 543.698
31200000 790.825 1352.7 99609.1 -19851.5 544.128
31300000 789.198 794.063 99633.9 -19861.3 543.009
31400000 792.203 -855.39 100042 -19836.3 545.077
31500000 784.113 -1128.53 100129 -19830.6 539.51
31600000 784.317 25.2513 99730 -19853.7 539.651
31700000 780.253 931.462 99488.4 -19869.5 536.854
31800000 778.982 78.676 99762.5 -19855.1 535.98
31900000 784.471 -1388.35 100044 -19846 539.756
32000000 781.92 -20.6824 99878.6 -19842.3 538.001
32100000 779.174 738.23 99547.6 -19872.9 536.112
32200000 794.339 2191.86 99559.7 -19849.3 546.546
32300000 790.258 -689.33 99866.8 -19860 543.738
32400000 782.206 -1535.51 99923.8 -19860.1 538.198
32500000 792.018 0.0778471 99633.6 -19867.7 544.949
32600000 772.123 865.186 99487 -19870.8 531.26
32700000 773.866 -97.2884 99680.6 -19868.2 532.46
32800000 780.22 -850.938 99855.1 -19860.6 536.832
32900000 773.06 769.47 99691.6 -19858.3 531.906
33000000 788.922 498.928 99468.5 -19882.8 542.819
33100000 777.51 1200.5 99544.3 -19856.1 534.967
33200000 772.064 -1133.08 99760 -19871.9 531.22
33300000 775.68 -1304.86 99737.4 -19873.1 533.708
33400000 769.713 1.73734 99500.6 -19878.6 529.602
33500000 752.003 281.843 99448.2 -19884.3 517.417
33600000 763.291 -805.319 99607.2 -19880.8 525.184
33700000 766.527 -397.572 99691.6 -19865.9 527.41
33800000 736.003 -686.548 99565.6 -19883.8 506.408
33900000 756.274 589.412 99422.4 -19888.3 520.356
34000000 752.26 340.739 99453.3 -19881.4 517.594
34100000 760.985 -202.587 99569.7 -19873.5 523.597
34200000 759.369 -118.142 99567 -19871.9 522.485
34300000 747.037 -569.359 99462 -19893.7 514
34400000 754.064 810.638 99381.7 -19882.4 518.835
34500000 753.201 -615.276 99456.7 -19895.8 518.241
34600000 751.507 549.997 99533 -19875.3 517.075
34700000 761.561 -24.9633 99468.8 -19888.3 523.993
34800000 755.194 -69.4289 99368.7 -19891.6 519.613
34900000 747.391 312.309 99331.4 -19898.1 514.244
35000000 747.905 -1037.16 99432.5 -19898.7 514.597
35100000 738.77 -978.748 99501 -19896.8 508.312
35200000 747.678 -511.742 99372.1 -19904.4 514.441
35300000 742.455 -113.572 99225.9 -19912.7 510.848
35400000 731.11 -611.485 99296.8 -19909.3 503.042
35500000 737.855 -806.263 99446.7 -19896.2 507.682
35600000 746.886 -969.812 99414.7 -19907.3 513.896
35700000 750.501 1167.69 99249.2 -19898.1 516.384
35800000 742.382 912.322 99193.6 -19903.3 510.797
35900000 742.317 -75.0245 99334.6 -19897.2 510.752
36000000 747.823 -406.376 99396.2 -19907.4 514.541
36100000 740.262 -340.31 99266.3 -19913 509.338
36200000 749.966 836.034 99088.3 -19915.7 516.016
36300000 727.418 435.081 99184.6 -19908.5 500.502
36400000 732.743 -402.976 99398 -19892.4 504.165
36500000 738.057 -1092.71 99353.8 -19910.2 507.822
36600000 738.784 1780.22 99106.8 -19903.6 508.322
36700000 740.421 837.077 99010.3 -19924.3 509.448
36800000 732.374 -639.72 99218.1 -19919.1 503.911
36900000 725.821 -1177.83 99369.6 -19908.9 499.403
37000000 732.504 -224.013 99215.2 -19922 504.001
37100000 730.432 1746.3 98985 -19910.8 502.575
37200000 737.091 876.195 99009.9 -19922.1 507.156
37300000 718.274 282.86 99232.1 -19909.1 494.21
37400000 721.91 -931.202 99259.9 -19923 496.712
37500000 742.999 687.014 99019.5 -19921.4 511.222
37600000 723.768 869.074 98888.8 -19938.5 497.99
37700000 728.85 54.5281 99083.3 -19924 501.486
37800000 717.705 -800.526 99275 -19916 493.818
37900000 710.535 -602.961 99109.9 -19924.6 488.885
38000000 720.794 1100.06 98815.8 -19935.9 495.944
38100000 711.893 1153.44 98844.1 -19935.8 489.82
38200000 729.493 -835.532 99191.6 -19928.4 501.929
38300000 709.658 -1377.17 99234.9 -19926.4 488.281
38400000 731.063 277.936 98868.7 -19944.4 503.009
38500000 710.443 1958.51 98673.6 -19938.2 488.821
38600000 706.861 73.3218 98969.8 -19933.2 486.357
38700000 719.769 -888.63 99252.1 -19923.4 495.238
38800000 730.196 278.85 98995.8 -19935.5 502.413
38900000 716.744 1984.59 98627.2 -19948 493.157
39000000 716.881 787.032 98785.5 -19942.5 493.251
39100000 700.544 -1751.75 99154.3 -19941.6 482.01
39200000 714.376 -712.699 99068.3 -19938.4 491.527
39300000 716.49 882.009 98693.8 -19956.3 492.982
39400000 698.22 915.753 98651.3 -19958.4 480.411
39500000 709.761 -1110.88 98930.5 -19958.9 488.352
39600000 717.256 -723.364 99071.8 -19940.1 493.509
39700000 710.627 -83.7022 98854.8 -19948.6 488.948
39800000 692.334 1390.09 98611.9 -19956.5 476.362
39900000 716.371 1601.85 98742.3 -19943.7 492.9
40000000 704.641 -472.155 98982.5 -19936 484.829
40100000 700.943 -2363.37 98931.6 -19973.3 482.285
40200000 697.054 756.072 98638.9 -19963 479.609
40300000 689.457 1934.18 98589.1 -19949.6 474.382
40400000 700.03 -566.426 98817.8 -19956.3 481.657
40500000 689.624 -357.328 98901.9 -19948.9 474.497
40600000 708.307 218.886 98693.5 -19961.5 487.352
40700000 695.54 777.775 98524 -19976.7 478.568
40800000 686.199 584.498 98649.7 -19956.1 472.14
40900000 699.557 -1203.4 98798.6 -19972.3 481.332
41000000 694.709 -157.149 98703 -19966.2 477.996
41100000 694.803 986.114 98542.6 -19971.6 478.061
41200000 691.137 77.4625 98567.8 -19978.1 475.538
41300000 685.28 -41.2125 98706.3 -19965.6 471.508
41400000 689.905 -79.9687 98702.7 -19967.5 474.69
41500000 686.318 394.894 98535 -19983.4 472.223
41600000 685.864 657.361 98486.9 -19979 471.91
41700000 683.379 -120.787 98623.2 -19973.1 470.2
41800000 679.137 -2064.6 98691.7 -19995 467.281
41900000 681.762 174.361 98544.8 -19977.6 469.087
42000000 685.522 732.434 98406 -19987.6 471.675
42100000 659.142 485.135 98501.6 -19976.3 453.524
42200000 684.399 -217.391 98631 -19978.4 470.902
42300000 683.888 -122.887 98582.7 -19981.1 470.55
42400000 677.768 347.437 98413.4 -19989.3 466.34
42500000 678.078 1326.96 98371.7 -19985.5 466.553
42600000 670.608 -764.589 98513.7 -20000.4 461.413
42700000 688.968 -424.282 98562.1 -19984.3 474.046
42800000 675.921 294.137 98432.1 -19990.5 465.069
42900000 658.087 92.4014 98336.7 -19997.7 452.798
43000000 660.384 872.609 98401.1 -19986.7 454.378
43100000 659.94 -1136.76 98503.5 -20000.9 454.073
43200000 664.114 -358.549 98450.2 -19996.5 456.945
43300000 661.191 1318.29 98295.6 -19989.2 454.934
43400000 668.612 717.318 98270 -20001 460.039
43500000 663.252 361.101 98424.7 -19992.8 456.352
43600000 663.662 -1186.26 98476.6 -20009.3 456.633
43700000 654.562 -390.681 98289.5 -20009.6 450.373
43800000 662.76 1341.22 98167.5 -19998.3 456.013
43900000 656.123 1135.63 98296.3 -19991.8 451.446
44000000 661.281 -978.961 98459.8 -20000.3 454.996
44100000 654.923 457.123 98339.2 -20003.9 450.621
44200000 656.988 618.668 98117.1 -20020.8 452.042
44300000 670.971 117.283 98132.4 -20024.1 461.663
44400000 658.039 -1177.08 98387.5 -20016.1 452.765
44500000 640.93 -1828.29 98428 -20008.2 440.993
44600000 660.426 -362.675 98165.1 -20028 454.407
44700000 669.84 1106.26 97995.9 -20025.8 460.885
44800000 645.573 -346.052 98178.4 -20023.9 444.188
44900000 653.621 -836.777 98387.4 -20004.2 449.725
45000000 644.383 -731.113 98282.3 -20013.3 443.369
45100000 645.321 -111.155 98007 -20040 444.014
45200000 648.454 597.871 97992 -20031 446.17
45300000 647.504 -954.013 98246.8 -20022.8 445.516
45400000 646.417 -1249.94 98333.6 -20016 444.768
45500000 636.071 -578.098 98071.2 -20032.6 437.65
45600000 641.248 1108.33 97885.8 -20034.1 441.212
45700000 634.41 -494.597 98072.8 -20038.6 436.507
45800000 637.418 -881.84 98262.1 -20027.4 438.577
45900000 643.142 -898.873 98124.5 -20037 442.515
46000000 631.582 -46.1628 97890.7 -20047.9 434.561
46100000 636.022 1179.24 97888 -20037.5 437.616
46200000 638.439 -627.288 98080.1 -20044.9 439.279
46300000 645.667 -385.955 98143.4 -20027 444.252
46400000 618.118 -351.669 97987.5 -20043.7 425.297
46500000 633.241 730.542 97870.5 -20042.1 435.702
46600000 629.154 722.384 97974.2 -20034.4 432.89
46700000 626.311 -499.71 98077.4 -20033.5 430.934
46800000 634.118 355.28 97966 -20041.6 436.306
46900000 629.7 1063.09 97854.3 -20039.8 433.266
47000000 620.671 803.27 97890.6 -20039.3 427.054
47100000 629.933 -509.329 97997.2 -20047.7 433.427
47200000 630.319 101.864 97941 -20044.3 433.692
47300000 618.097 966.689 97793.8 -20048.5 425.283
47400000 638.028 -261.008 97819.6 -20062.9 438.996
47500000 635.082 -658.101 97968.9 -20055.7 436.969
47600000 623.05 200.36 97975.5 -20037.5 428.69
47700000 627.803 -279.854 97784.9 -20062.9 431.961
47800000 626.82 343.042 97690.9 -20065.2 431.285
47900000 632.161 -1037.13 97832.5 -20064 434.96
48000000 612.609 -907.53 97938.4 -20058.2 421.507
48100000 606.486 -143.028 97808.2 -20060.9 417.294
48200000 621.102 615.923 97659.2 -20063.3 427.35
48300000 621.69 1081.66 97718 -20055.3 427.755
48400000 611.918 -1454.51 97877.4 -20069.1 421.031
48500000 601.407 -640.533 97830.3 -20061 413.799
48600000 615.892 437.526 97657.2 -20072.7 423.766
48700000 606.307 210.263 97645.1 -20070.6 417.17
48800000 618.091 -402.18 97734.9 -20074 425.278
48900000 611.099 -426.844 97765.1 -20072.2 420.468
49000000 595.975 281.527 97642.4 -20073.9 410.062
49100000 617.201 702.946 97606.6 -20072.2 424.666
49200000 610.948 -144.601 97686.1 -20069.2 420.364
49300000 609.131 279.772 97712.4 -20067.8 419.114
49400000 608.597 88.1186 97632 -20072.3 418.747
49500000 607.397 -146.411 97553.9 -20085.6 417.921
49600000 606.431 28.6538 97559.6 -20087.4 417.256
49700000 607.639 -83.5159 97678.1 -20073.4 418.087
49800000 605.335 -1267.45 97701.2 -20091.2 416.502
49900000 593.504 -128.208 97514.3 -20091 408.361
50000000 597.373 972.914 97420.7 -20080.9 411.024
50100000 597.052 -1121.25 97543.8 -20099.1 410.802
50200000 590.883 -756.48 97667.2 -20084.5 406.558
50300000 595.066 -112.439 97556.9 -20084.7 409.436
50400000 589.126 987.639 97357.2 -20094 405.349
50500000 587.896 -541.725 97427.3 -20105.6 404.503
50600000 590.767 -1241.62 97662.2 -20088.2 406.478
50700000 602.072 -787.014 97627.1 -20089.8 414.257
50800000 593.934 833.301 97359.1 -20098.3 408.657
50900000 588.356 1104.86 97224.7 -20104.7 404.819
51000000 585.017 -886.617 97463 -20105.6 402.522
51100000 582.283 -1947.96 97643.5 -20102.6 400.641
51200000 581.588 95.9434 97408.1 -20101.2 400.163
51300000 593.199 1444.92 97159.8 -20111.8 408.152
51400000 589.851 347.605 97327.5 -20101 405.848
51500000 594.497 -1567.36 97599 -20104.3 409.044
51600000 582.387 -265.342 97447.9 -20104 400.713
51700000 583.765 1093.36 97145.1 -20110.6 401.661
51800000 589.939 1014.47 97177.5 -20110.1 405.908
51900000 573.518 -943.203 97509.7 -20105 394.61
52000000 575.481 -1166.18 97499.2 -20107.8 395.961
52100000 591.796 1155.6 97143.8 -20114.7 407.186
52200000 573.921 1704.27 97048.5 -20112.9 394.887
52300000 581.469 -821.504 97376.3 -20116.9 400.081
52400000 577.497 -1733.94 97531.8 -20113.9 397.348
52500000 582.378 309.315 97213.9 -20119.2 400.706
52600000 568.16 2073.47 96942.7 -20117.5 390.923
52700000 571.084 569.039 97158.3 -20119.8 392.936
52800000 579.443 -1489.7 97434.3 -20116.6 398.687
52900000 579.636 -1047.76 97337.5 -20127.2 398.819
53000000 565.39 969.42 97029.3 -20129.6 389.017
53100000 562.644 787.263 97034.9 -20126.6 387.128
53200000 567.319 -719.542 97271.7 -20123.6 390.345
53300000 564.075 -547.378 97292.4 -20123.1 388.113
53400000 569.002 962.559 97063.6 -20125.2 391.503
53500000 565.761 970.26 96962.7 -20135.7 389.273
53600000 563.514 330.294 97123.7 -20125.5 387.727
53700000 555.433 -1474.62 97264.9 -20133.3 382.167
53800000 557.646 -549.976 97153.7 -20134.8 383.689
53900000 569.966 877.441 96960.1 -20136.5 392.166
54000000 559.162 595.935 96983.5 -20136.3 384.732
54100000 567.058 -1156.48 97137.4 -20149.4 390.165
54200000 569.358 -633.245 97164.1 -20140.4 391.748
54300000 544.101 302.266 97005.3 -20135.6 374.369
54400000 545.164 67.4878 96914.2 -20152.2 375.101
54500000 557.768 -476.838 97035.6 -20146 383.773
54600000 558.63 -510.735 97098.3 -20142.9 384.366
54700000 571.481 54.607 96996.2 -20146.2 393.208
54800000 553.201 628.394 96880.2 -20153.2 380.631
54900000 550.31 889.728 96921.8 -20145.3 378.642
55000000 547.664 256.169 97049 -20132.8 376.821
55100000 553.396 -503.518 96994.3 -20152.3 380.765
55200000 552.866 450.18 96866.5 -20155.1 380.401
55300000 558.528 17.2328 96866.6 -20157.3 384.296
55400000 548.715 -174.691 96969.8 -20149.9 377.544
55500000 547.255 -31.5274 96949.7 -20153.7 376.54
55600000 533.86 489.608 96821.7 -20155 367.323
55700000 550.794 1489.7 96784 -20150.7 378.975
55800000 541.623 -460.464 96874.5 -20174 372.665
55900000 539.778 -611.533 96887.3 -20163.9 371.395
56000000 545.932 157.232 96824.9 -20161.8 375.629
56100000 541.211 1074.09 96742.1 -20162.6 372.381
56200000 549.203 687.926 96779.4 -20161.1 377.88
56300000 534.783 -748.394 96883.7 -20171.5 367.959
56400000 539.748 -318.036 96831.5 -20165.4 371.375
56500000 540.548 487.769 96692.6 -20172.5 371.925
56600000 534.887 -36.7148 96683.9 -20180.2 368.03
56700000 528.401 -449.957 96789.2 -20172.2 363.567
56800000 538.12 -605.654 96779.2 -20174.2 370.254
56900000 535.692 127.097 96661.7 -20177.7 368.584
57000000 529.7 460.157 96636.5 -20180.6 364.461
57100000 523.955 -245.901 96749.3 -20175.1 360.508
57200000 539.207 -304.789 96722.8 -20181 371.002
57300000 528.678 202.265 96584.8 -20183.9 363.758
57400000 522.026 483.023 96582.3 -20183.3 359.181
57500000 537.657 -486.905 96718.2 -20182.5 369.936
57600000 524.767 -540.065 96724 -20182.8 361.067
57700000 535.023 527.871 96564.2 -20187.7 368.124
57800000 516.25 444.086 96500.7 -20192.8 355.207
57900000 536.056 89.9058 96623.7 -20188.9 368.834
58000000 523.027 -841.303 96751.5 -20187.5 359.87
58100000 524.09 -667.853 96669.2 -20187.6 360.601
58200000 519.358 436.041 96488.1 -20195.5 357.345
58300000 520.718 949.57 96429.9 -20196.5 358.281
58400000 521.982 -82.5261 96620.8 -20190.6 359.151
58500000 522.69 -935.97 96649.5 -20197 359.638
58600000 512.776 262.249 96430.9 -20201.1 352.817
58700000 506.494 1044.12 96398.6 -20197.8 348.494
58800000 517.789 -512.394 96571.9 -20201.1 356.265
58900000 508.593 -368.589 96565 -20198.5 349.938
59000000 515.963 478.457 96370.6 -20206.2 355.009
59100000 509.713 728.132 96354.3 -20205.8 350.709
59200000 511.594 -181.075 96527.5 -20204.1 352.003
59300000 504.855 -409.576 96525.4 -20203.3 347.366
59400000 497.84 249.634 96346 -20212.6 342.54
59500000 506.861 597.023 96292.6 -20209.4 348.746
59600000 503.11 -497.901 96414.6 -20213.5 346.166
59700000 506.355 -1023.99 96495.7 -20216.5 348.398
59800000 498.463 384.062 96373.5 -20209.7 342.969
59900000 500.085 497.71 96240.6 -20217.7 344.085
60000000 501.264 500.462 96299.9 -20218.7 344.895
60100000 491.925 -740.99 96411.4 -20217.5 338.47
60200000 503.972 370.193 96375.9 -20213.6 346.759
60300000 493.723 490.55 96233.8 -20218.6 339.707
60400000 503.445 725.294 96201.8 -20224.4 346.396
60500000 495.787 -1300.68 96350.8 -20233.7 341.127
60600000 497.862 -448.677 96362.2 -20224 342.555
60700000 496.089 349.246 96150.2 -20234.2 341.335
60800000 489.169 1149.8 96102.4 -20227.7 336.573
60900000 488.729 -911.618 96276.1 -20228.8 336.271
61000000 492.353 -1084.68 96363 -20230.2 338.765
61100000 494.893 -111.455 96146.2 -20238.3 340.512
61200000 475.526 1409.07 95950.9 -20235.6 327.186
61300000 495.033 21.2854 96193.8 -20235.1 340.608
61400000 480.093 -1902.61 96423.4 -20235.9 330.329
61500000 492.585 178.516 96144.9 -20235.6 338.924
61600000 479.204 1911.22 95871 -20235.3 329.717
61700000 495.655 820.559 96098.7 -20234.9 341.036
61800000 482.756 -1841.63 96422.9 -20238 332.161
61900000 486.174 -759.46 96211.9 -20242.5 334.513
62000000 486.735 1454.69 95859.4 -20251.4 334.899
62100000 476.491 1243.71 95985.9 -20240.2 327.85
62200000 488.904 -1409.88 96307.4 -20242.3 336.391
62300000 487.172 -1375.41 96215 -20246.9 335.199
62400000 480.114 1410.45 95812.5 -20258.6 330.343
62500000 479.015 1395.26 95811.2 -20252.7 329.587
62600000 471.343 -2733.31 96051.3 -20278.5 324.308
62700000 466.813 -5257.64 95394.1 -20351.6 321.192
62800000 474.64 2228.09 93795.1 -20410.9 326.577
62900000 472.774 1489.28 93399.3 -20448.1 325.293
63000000 478.485 -1023.8 93576.4 -20455.2 329.222
63100000 466.928 -895.274 93526.4 -20454.8 321.271
63200000 483.497 -3858.9 93297.2 -20501.4 332.671
63300000 466.68 159.729 92712 -20512.8 321.1
63400000 466.089 2601.51 92465.4 -20509.1 320.693
63500000 463.969 127.755 92803.9 -20501 319.234
63600000 465.461 -1471.1 92975.1 -20504.6 320.261
63700000 459.687 -124.842 92759.1 -20512.5 316.289
63800000 465.016 527.707 92616.8 -20518.2 319.955
63900000 464.105 88.444 92743.3 -20509.2 319.328
64000000 465.131 -232.551 92826.2 -20509.2 320.034
64100000 454.54 -521.803 92732.2 -20519.8 312.747
64200000 459.502 545.611 92662.3 -20513.8 316.161
64300000 451.847 -102.258 92713.9 -20516.1 310.894
64400000 451.257 -266.89 92752.8 -20513 310.488
64500000 451.922 -301.28 92692.5 -20521.2 310.946
64600000 454.024 14.7696 92650.8 -20517.9 312.392
64700000 454.896 64.9049 92691.4 -20515.5 312.992
64800000 462.232 -224.066 92713.4 -20518.9 318.039
64900000 446.178 -498.719 92666.6 -20524 306.994
65000000 444.482 -187.01 92622 -20526.4 305.826
65100000 445.096 107.469 92639.8 -20520.9 306.249
65200000 451.906 -79.24 92651.9 -20523.6 310.935
65300000 456.54 -333.129 92617.4 -20530.5 314.123
65400000 444.958 -50.3634 92596.4 -20525.7 306.154
65500000 446.914 10.0762 92621.7 -20525.7 307.5
65600000 445.054 205.673 92612 -20524.5 306.22
65700000 436.012 -13.0011 92567.9 -20529.6 299.999
65800000 449.058 217.979 92550.2 -20532.7 308.975
65900000 439.274 1.08621 92586.7 -20526.7 302.243
66000000 438.891 169.578 92584.9 -20524.2 301.98
66100000 442.548 227.111 92540.2 -20534.4 304.496
66200000 437.1 537.414 92530.5 -20526.8 300.747
66300000 442.395 -167.763 92555.3 -20533 304.39
66400000 442.354 -227.298 92559.2 -20535 304.363
66500000 431.948 -74.8764 92519 -20536.4 297.203
66600000 439.333 -142.166 92495.5 -20538.3 302.284
66700000 432.135 49.9748 92518.9 -20532.5 297.331
66800000 431.923 -21.6916 92523.8 -20532.8 297.186
66900000 428.714 -38.835 92489.4 -20541.4 294.978
67000000 423.8 80.6549 92462.1 -20541.4 291.596
67100000 421.197 104.593 92477.1 -20538.8 289.805
67200000 429.314 -335.252 92483.2 -20541.7 295.39
67300000 434.039 73.2911 92449.1 -20542.8 298.642
67400000 432.124 6.8588 92419.9 -20547.1 297.324
67500000 416.858 -12.7178 92452.1 -20541.4 286.82
67600000 423.053 -130.163 92451.7 -20543.2 291.083
67700000 419.353 -28.7693 92415.7 -20545.7 288.537
67800000 426.066 89.6853 92418.9 -20546.7 293.155
67900000 424.894 421.137 92427.1 -20539.1 292.349
68000000 421.28 136.569 92408.4 -20545.8 289.862
68100000 412.614 269.454 92395.5 -20545.7 283.9
68200000 416.8 -269.707 92401.5 -20550.6 286.78
68300000 413 -55.9527 92398.3 -20550.2 284.165
68400000 417.175 -181.162 92369.2 -20553.7 287.038
68500000 421.583 386.745 92354 -20549.6 290.071
68600000 415.906 171.284 92366.2 -20550.3 286.165
68700000 412.689 -338.496 92368.6 -20556.3 283.952
68800000 417.562 109.433 92335.4 -20553.9 287.304
68900000 411.383 -289.514 92313.5 -20561.9 283.053
69000000 412.643 -728.626 92351.2 -20560 283.919
69100000 415.866 -108.662 92348.5 -20556.8 286.137
69200000 413.396 200.151 92293.6 -20556.7 284.438
69300000 412.443 270.196 92286.8 -20555.5 283.782
69400000 410.68 -75.4243 92327.1 -20558.7 282.569
69500000 405.42 -403.019 92316.2 -20561.6 278.95
69600000 411.898 336.741 92260.5 -20558.6 283.407
69700000 407.688 305.684 92241.1 -20563.6 280.511
69800000 399.872 -285.835 92262.7 -20562.6 275.133
69900000 398.721 114.361 92273.3 -20560.1 274.34
70000000 398.984 300.907 92235.6 -20562.2 274.522
70100000 408.492 -126.992 92212.3 -20569.6 281.064
70200000 404.429 -284.086 92232.3 -20569.4 278.268
70300000 393.436 -183.004 92251.2 -20566 270.705
70400000 393.22 -424.978 92214 -20572.8 270.556
70500000 387.757 372.442 92173.2 -20566.9 266.797
70600000 393.148 287.403 92197.5 -20564.2 270.506
70700000 387.111 -642.439 92224.2 -20573.5 266.352
70800000 392.183 -15.3332 92180 -20573.1 269.842
70900000 386.018 -204.541 92148.6 -20576.3 265.6
71000000 385.709 -460.026 92173.7 -20578.3 265.388
71100000 391.479 -262.106 92190.1 -20573.3 269.357
71200000 382.481 420.808 92152.5 -20566.6 263.167
71300000 390.552 350.308 92116.7 -20573.7 268.72
71400000 381.038 91.8193 92145 -20572.8 262.174
71500000 392.927 105.8 92166.1 -20573.5 270.354
71600000 386.826 312.332 92128.7 -20574.7 266.156
71700000 381.21 792.599 92088.1 -20570.5 262.292
71800000 385.509 -482.437 92120.5 -20585.4 265.25
71900000 371.523 -352.042 92144.1 -20578.4 255.627
72000000 386.593 318.045 92078.6 -20578 265.996
72100000 380.087 219.108 92046.6 -20582 261.52
72200000 379.07 -319.831 92110 -20583.4 260.82
72300000 366.11 -383.238 92126 -20579.3 251.903
72400000 378.407 175.007 92037.8 -20587.2 260.363
72500000 375.678 146.881 92009.1 -20586.3 258.486
72600000 378.633 -555.561 92091.8 -20589.4 260.519
72700000 371.842 -434.691 92110.9 -20583.7 255.846
72800000 373.842 296.779 92003.5 -20587.5 257.222
72900000 367.705 751.62 91965.2 -20584.2 253
73000000 361.271 -419.034 92071.8 -20588.6 248.573
73100000 365.668 -386.972 92094 -20586 251.598
73200000 367.41 466.23 91974.3 -20590.2 252.797
73300000 368.994 785.027 91931.9 -20589.7 253.887
73400000 363.061 -262.931 92034.8 -20591.1 249.805
73500000 359.724 -774.894 92069.6 -20592.9 247.508
73600000 368.062 397.819 91944.5 -20593.8 253.246
73700000 364.83 676.184 91885.1 -20597.2 251.022
73800000 363.696 -433.366 92022 -20593.6 250.241
73900000 356.727 -1064.22 92064 -20599.8 245.447
74000000 354.92 483.239 91894.6 -20595.7 244.203
74100000 361.418 1076.77 91838.7 -20595.5 248.674
74200000 361.533 -557.762 92009.2 -20599.4 248.753
74300000 360.698 -782.647 92055.3 -20595.6 248.179
74400000 357.309 810.211 91850.7 -20596.5 245.847
74500000 355.004 722.895 91789.2 -20605.4 244.261
74600000 350.146 -615.332 92001.4 -20597 240.918
74700000 356.881 -1074.71 92045.9 -20600 245.553
74800000 347.649 970.843 91795.8 -20601.5 239.2
74900000 348.576 1204.64 91751.3 -20602.1 239.839
75000000 347.129 -1189.87 92013.1 -20604.6 238.842
75100000 351.597 -1080.74 92027.6 -20602.2 241.917
75200000 350.031 1224.4 91733.9 -20606.8 240.839
75300000 352.772 895.868 91723.5 -20613 242.725
75400000 338.138 -1313.35 92010.1 -20606.6 232.656
75500000 342.163 -1358.64 91998.4 -20607.6 235.426
75600000 349.317 1368.45 91690.8 -20608.8 240.348
75700000 338.297 1153.26 91695.5 -20608.7 232.766
75800000 344.216 -726.442 91991.1 -20601.6 236.839
75900000 340.18 -1304.93 91962.1 -20613.6 234.061
76000000 343.048 1240.22 91654.2 -20616.1 236.035
76100000 337.086 1036.65 91686.6 -20611.5 231.932
76200000 342.678 -1182.49 91966 -20611.8 235.78
76300000 328.444 -1010.07 91908.3 -20613.3 225.987
76400000 338.451 1441.96 91633.8 -20615.8 232.872
76500000 332.663 791.343 91685.2 -20616.2 228.889
76600000 334.536 -1299.18 91935.5 -20615.4 230.178
76700000 340.002 -729.71 91860.1 -20617.1 233.939
76800000 332.706 1033.8 91614.9 -20620.9 228.919
76900000 331.855 848.322 91674.9 -20617.1 228.334
77000000 323.594 -1027.58 91893.2 -20615.7 222.649
77100000 327.189 -753.059 91819.9 -20620.7 225.123
77200000 325.747 1222.09 91600.5 -20620.4 224.131
77300000 324.618 237.139 91666.5 -20625.7 223.354
77400000 333.094 -1013.22 91851.4 -20621.9 229.186
77500000 321.126 -691.293 91773.6 -20626.1 220.952
77600000 326.218 746.485 91600.8 -20627.6 224.455
77700000 322.414 505.246 91657.6 -20621.9 221.837
77800000 320.062 -833.977 91795.1 -20624.5 220.219
77900000 317.719 -456.862 91728.2 -20627.5 218.607
78000000 318 735.903 91593.7 -20624.6 218.8
78100000 319.753 77.7267 91647.6 -20629.6 220.007
78200000 315.296 -624.155 91751.2 -20627.4 216.94
78300000 323.768 -65.5413 91678.4 -20626.3 222.769
78400000 320.43 911.175 91579.1 -20627.1 220.472
78500000 320.16 -119.502 91642.4 -20634.4 220.287
78600000 316.802 -662.31 91717.9 -20630.6 217.976
78700000 314.199 -40.2329 91640.9 -20632.6 216.185
78800000 313.595 664.814 91558.7 -20633.1 215.77
78900000 309.063 -182.908 91622.1 -20634 212.651
79000000 312.617 -453.953 91676 -20632.3 215.097
79100000 306.317 141.489 91602.8 -20634.5 210.762
79200000 307.752 482.105 91541.3 -20637.9 211.75
79300000 309.961 -296.717 91604.3 -20638.6 213.269
79400000 304.627 -166.241 91642.1 -20632.8 209.599
79500000 304.566 399.129 91566.6 -20634.9 209.557
79600000 301.247 591.12 91523.9 -20637.4 207.274
79700000 301.456 -378.74 91577.5 -20644 207.417
79800000 299.512 -191.196 91602.9 -20638.6 206.08
79900000 304.658 218.151 91542.1 -20640.3 209.62
80000000 302.977 257.04 91509.1 -20644.9 208.464
