# Time-averaged data for fix data_saving
# TimeStep c_mytemp c_mypress v_myvol c_PE c_KE
0 2000 34714.5 87825.6 -20800.3 1376.1
100 1093.95 69416.4 87825.6 -20173.8 752.692
200 1051.08 71046.5 87825.6 -20135.2 723.196
300 1057.33 71170.6 87825.6 -20130 727.501
400 1075.97 70994.9 87825.6 -20134.1 740.325
500 1090.15 71793.3 87825.7 -20133.7 750.083
600 1087.45 72344.2 87825.8 -20120.3 748.22
700 1103.7 72067.1 87825.8 -20119.1 759.402
800 1119.21 72578.7 87825.9 -20116.9 770.077
900 1110.81 73591.2 87826 -20097.8 764.298
1000 1121.02 74140.3 87826.1 -20091 771.322
1100 1134.26 74532.7 87826.2 -20085.9 780.432
1200 1142.88 75311.2 87826.4 -20077.1 786.361
1300 1169.55 75291.9 87826.5 -20080.5 804.71
1400 1167.79 76169.7 87826.7 -20063.8 803.498
1500 1174.01 76980.5 87826.8 -20052.4 807.781
1600 1202.23 76857.1 87827 -20055.7 827.198
1700 1180.94 78319.2 87827.2 -20024.7 812.55
1800 1189.21 79154.5 87827.4 -20013.8 818.239
1900 1217.97 79444.6 87827.6 -20016.7 838.027
2000 1219.53 80279.5 87827.9 -20000.6 839.099
2100 1249.47 80433.8 87828.1 -20003.8 859.701
2200 1264.37 80815.5 87828.3 -19996.3 869.949
2300 1260.46 81689.1 87828.6 -19975.7 867.262
2400 1271.87 82986.9 87828.9 -19965.5 875.11
2500 1292.74 83118.4 87829.2 -19961.4 889.471
2600 1309.31 83543.6 87829.5 -19954.3 900.872
2700 1312.62 84741.5 87829.8 -19937.8 903.151
2800 1334.28 85417.9 87830.1 -19933.8 918.05
2900 1326.77 86531.4 87830.5 -19909.5 912.889
3000 1366.36 86385.1 87830.8 -19917.4 940.127
3100 1356.39 87961 87831.2 -19891.1 933.265
3200 1388.38 87928.2 87831.6 -19893.4 955.277
3300 1397.23 88621.8 87832 -19879.8 961.367
3400 1408.94 89540.9 87832.4 -19867.9 969.427
3500 1429.68 90251.2 87832.8 -19862.1 983.692
3600 1449.07 90738.1 87833.3 -19855.3 997.036
3700 1463.19 91169.8 87833.7 -19844.7 1006.75
3800 1468.37 92189.2 87834.2 -19827.8 1010.32
3900 1468.91 93679.3 87834.7 -19807.7 1010.69
4000 1475.92 94230.4 87835.2 -19791.9 1015.51
4100 1495.18 94808.8 87835.7 -19784.4 1028.76
4200 1533.45 95201.4 87836.2 -19790.1 1055.09
4300 1533.96 96074.7 87836.8 -19769.6 1055.44
4400 1561.57 96642 87837.3 -19767.7 1074.44
4500 1555.96 97821.3 87837.9 -19743 1070.58
4600 1549.37 99184.5 87838.5 -19717.6 1066.04
4700 1590.75 99079.3 87839.1 -19725.2 1094.52
4800 1580.83 100941 87839.7 -19697.3 1087.7
4900 1611.16 101115 87840.4 -19697.3 1108.56
5000 1629.95 101800 87841 -19689.2 1121.49
5100 1659.19 101672 87841.7 -19688.3 1141.61
5200 1657.14 102935 87842.4 -19665.9 1140.2
5300 1668.63 104106 87843.1 -19653.1 1148.11
5400 1683.63 104601 87843.8 -19642.6 1158.43
5500 1717.7 104695 87844.5 -19645.2 1181.87
5600 1691.76 106322 87845.3 -19606.8 1164.02
5700 1713.28 106876 87846.1 -19601.1 1178.82
5800 1747.57 107219 87846.9 -19604.3 1202.42
5900 1761.03 108081 87847.7 -19593.1 1211.68
6000 1750.22 109716 87848.5 -19565.4 1204.24
6100 1768.01 109880 87849.3 -19557.6 1216.48
6200 1763.97 111484 87850.2 -19534.9 1213.7
6300 1790.73 111240 87851 -19533.6 1232.11
6400 1794.14 112397 87851.9 -19516.3 1234.46
6500 1846.27 112038 87852.8 -19532.7 1270.33
6600 1848.82 112972 87853.8 -19515.2 1272.09
6700 1814.86 114999 87854.7 -19472.9 1248.71
6800 1848.65 115231 87855.7 -19477.4 1271.96
6900 1854.44 116376 87856.6 -19462.8 1275.95
7000 1848.66 116981 87857.6 -19440.5 1271.97
7100 1878.36 117395 87858.6 -19442.8 1292.41
7200 1876.03 118591 87859.7 -19423.4 1290.8
7300 1913.55 118040 87860.7 -19431.5 1316.62
7400 1876.4 120300 87861.8 -19388.6 1291.06
7500 1928.51 119369 87862.9 -19407.5 1326.92
7600 1915.95 121593 87864 -19382.2 1318.27
7700 1939.53 121147 87865.1 -19381.9 1334.5
7800 1935.48 121886 87866.3 -19363.1 1331.71
7900 1943.9 122399 87867.4 -19353.4 1337.5
8000 1949.53 123711 87868.6 -19342.2 1341.38
8100 1963.78 124035 87869.8 -19337.1 1351.18
8200 1978.31 124215 87871.1 -19332.5 1361.18
8300 1926.97 126727 87872.3 -19282.9 1325.85
8400 1970.22 126653 87873.6 -19298.7 1355.61
8500 1957.21 127718 87874.9 -19276 1346.66
8600 1920.25 129869 87876.2 -19236.8 1321.23
8700 1925.04 130350 87877.5 -19226.4 1324.53
8800 1896.82 132175 87878.8 -19193.3 1305.11
8900 1938.27 131458 87880.2 -19207.7 1333.63
9000 1918.83 132851 87881.6 -19180.2 1320.26
9100 1914.06 133596 87883 -19162.6 1316.97
9200 1882.06 135759 87884.4 -19125.9 1294.95
9300 1897.47 136043 87885.9 -19121.6 1305.55
9400 1908.7 137094 87887.3 -19114.1 1313.29
9500 1882.13 138969 87888.8 -19080.4 1295.01
9600 1867.36 140974 87890.4 -19054.7 1284.84
9700 1878.73 141351 87891.9 -19046.6 1292.66
9800 1878.45 142040 87893.4 -19030.1 1292.47
9900 1860.27 144211 87895 -19001.3 1279.96
10000 1870.52 144475 87896.6 -18991.9 1287.01
10100 1888.13 144992 87898.3 -18987.5 1299.13
10200 1875.83 146160 87899.9 -18962.6 1290.67
10300 1887.59 146562 87901.6 -18954.2 1298.76
10400 1913.6 146744 87903.3 -18955.7 1316.66
10500 1932.45 147081 87905 -18952.4 1329.63
10600 1942.24 147277 87906.8 -18943.1 1336.36
10700 1940.35 148341 87908.5 -18926 1335.06
10800 1965.1 148856 87910.3 -18927.6 1352.09
10900 1984.36 148923 87912.1 -18925.9 1365.34
11000 1991.58 148799 87914 -18916.5 1370.31
11100 2007.46 149429 87915.8 -18913.7 1381.24
11200 1953.18 151965 87917.7 -18863.2 1343.89
11300 2007.54 150672 87919.6 -18887.8 1381.29
11400 2009.49 151360 87921.5 -18877 1382.63
11500 2029.01 151479 87923.5 -18878.9 1396.06
11600 2033.29 151805 87925.5 -18871.1 1399.01
11700 2063.09 151463 87927.5 -18881.5 1419.51
11800 2024.1 153498 87929.5 -18845.2 1392.69
11900 2041.23 153277 87931.6 -18848.4 1404.47
12000 2059.78 153158 87933.6 -18853.1 1417.23
12100 2025.58 154261 87935.7 -18822.3 1393.7
12200 2049.54 153695 87937.9 -18832.3 1410.19
12300 2048.37 154504 87940 -18826 1409.38
12400 2089.2 153779 87942.2 -18849.9 1437.48
12500 2084.96 153194 87944.4 -18843.8 1434.56
12600 2073.32 154020 87946.6 -18833.6 1426.55
12700 2087.86 154102 87948.9 -18842.4 1436.56
12800 2082.07 153453 87951.1 -18838.3 1432.58
12900 2081.2 153743 87953.4 -18838.7 1431.98
13000 2049.49 154428 87955.7 -18818.8 1410.16
13100 2062.62 154437 87958.1 -18830.8 1419.19
13200 2053.58 154000 87960.4 -18828.4 1412.97
13300 2035.6 154269 87962.8 -18820.8 1400.6
13400 2021.72 154598 87965.3 -18816.9 1391.05
13500 2026.67 154060 87967.7 -18826.6 1394.46
13600 2093.87 151919 87970.2 -18879.9 1440.69
13700 2026.02 153787 87972.6 -18840.9 1394.01
13800 2035.37 152463 87975.2 -18855.4 1400.44
13900 2040.41 152064 87977.7 -18867.4 1403.91
14000 2076.09 150928 87980.3 -18900.9 1428.46
14100 2047.5 150804 87982.8 -18890.3 1408.78
14200 1998.67 151949 87985.4 -18865.8 1375.18
14300 2038.61 150569 87988.1 -18902.4 1402.67
14400 1983.4 150911 87990.7 -18873.4 1364.68
14500 1996.03 150715 87993.4 -18891 1373.37
14600 2004.08 149456 87996.1 -18905.2 1378.91
14700 1978.51 150025 87998.8 -18895.8 1361.32
14800 1989.31 149091 88001.6 -18911.2 1368.75
14900 1971.22 149400 88004.4 -18906.2 1356.3
15000 1957.54 148946 88007.2 -18903.9 1346.89
15100 1956.9 148625 88010 -18910 1346.45
15200 1964.49 148013 88012.8 -18921.3 1351.67
15300 1980.27 147768 88015.7 -18937.7 1362.53
15400 1953.21 148120 88018.6 -18924 1343.91
15500 1948.37 148006 88021.5 -18925 1340.58
15600 1949.37 147745 88024.4 -18929.2 1341.27
15700 1949.68 147285 88027.4 -18932.3 1341.48
15800 1931.66 147762 88030.4 -18922.2 1329.08
15900 1945.99 147541 88033.4 -18933.5 1338.94
16000 1924.9 147786 88036.4 -18919.8 1324.43
16100 1937.22 146649 88039.5 -18928.2 1332.91
16200 1944.34 147514 88042.5 -18932.3 1337.81
16300 1940.36 147165 88045.6 -18928 1335.07
16400 1930.14 148197 88048.8 -18918.6 1328.04
16500 1929.62 147902 88051.9 -18915.1 1327.68
16600 1964.09 147324 88055.1 -18934.8 1351.4
16700 1970.21 146721 88058.3 -18934.4 1355.61
16800 1977.99 147533 88061.5 -18934.7 1360.96
16900 1953.72 148133 88064.7 -18912.5 1344.26
17000 1949.25 148227 88068 -18903.6 1341.18
17100 1996.44 147890 88071.3 -18929.8 1373.65
17200 2032.69 146822 88074.6 -18948.2 1398.59
17300 1993.21 148305 88077.9 -18914.5 1371.43
17400 1986.77 148636 88081.3 -18903.3 1367
17500 1996.52 148904 88084.6 -18903.3 1373.71
17600 1999.64 149225 88088 -18898.7 1375.86
17700 1997.49 149505 88091.5 -18890.5 1374.38
17800 1997.79 150280 88094.9 -18884 1374.58
17900 2005.18 149832 88098.4 -18882.6 1379.67
18000 2009.29 149980 88101.9 -18879.1 1382.5
18100 2024.95 149997 88105.4 -18883.8 1393.27
18200 2028.65 149852 88108.9 -18880.7 1395.82
18300 2028.44 150891 88112.5 -18875.1 1395.67
18400 2036.91 150351 88116.1 -18875.9 1401.5
18500 2017.94 150552 88119.7 -18858.5 1388.45
18600 2024.23 150933 88123.3 -18859 1392.77
18700 2051.79 150168 88127 -18874.6 1411.74
18800 2035.61 150604 88130.7 -18860.8 1400.6
18900 2029.31 151495 88134.4 -18854.4 1396.27
19000 2027.98 151532 88138.1 -18851.9 1395.35
19100 2088.41 150005 88141.8 -18892.1 1436.93
19200 2060.42 150953 88145.6 -18872.2 1417.67
19300 2041.63 150991 88149.4 -18859.2 1404.75
19400 2033.58 151446 88153.2 -18854.1 1399.21
19500 2078.52 149548 88157.1 -18886.1 1430.13
19600 2057.36 149490 88161 -18873.4 1415.57
19700 2043.74 150755 88164.8 -18866.4 1406.2
19800 2054.62 150656 88168.8 -18877 1413.68
19900 2010.08 151055 88172.7 -18849.9 1383.04
20000 2030 149901 88176.7 -18867.6 1396.75
20100 2030.46 150330 88180.6 -18872.4 1397.06
20200 2053.36 149179 88184.7 -18893.2 1412.82
20300 2039 149356 88188.7 -18888.8 1402.94
20400 2020.44 149545 88192.7 -18881.9 1390.17
20500 1983.01 150220 88196.8 -18862.1 1364.41
20600 2006.06 149575 88200.9 -18884 1380.27
20700 1980.51 149816 88205 -18872.5 1362.69
20800 2017.89 148256 88209.2 -18904.1 1388.41
20900 2018.84 147547 88213.4 -18910.7 1389.06
21000 2005.66 147619 88217.5 -18907.5 1380
21100 1967.28 148370 88221.8 -18886.9 1353.59
21200 1990.66 146985 88226 -18908.6 1369.68
21300 1975.2 147611 88230.3 -18903.6 1359.04
21400 1966.21 147309 88234.5 -18902.7 1352.85
21500 1981.94 146736 88238.8 -18918.4 1363.68
21600 1984.07 146217 88243.2 -18924.4 1365.15
21700 1959.64 146972 88247.5 -18911.7 1348.33
21800 1985.86 145985 88251.9 -18933.6 1366.38
21900 1978.76 146007 88256.3 -18932.1 1361.49
22000 1977.68 146149 88260.7 -18934.2 1360.75
22100 1942.58 146382 88265.1 -18912.4 1336.6
22200 1935.67 146202 88269.6 -18909.5 1331.84
22300 1936.42 146609 88274.1 -18911.2 1332.36
22400 1934.32 146840 88278.6 -18910.4 1330.91
22500 1938.43 146541 88283.1 -18913.1 1333.74
22600 1934.73 146835 88287.7 -18909.9 1331.2
22700 1961.96 145819 88292.2 -18927.4 1349.93
22800 1948.32 146308 88296.8 -18916.3 1340.55
22900 1972.36 145686 88301.4 -18930.4 1357.08
23000 1963.03 145861 88306.1 -18920.9 1350.66
23100 1961.28 146494 88310.7 -18916.4 1349.46
23200 1967.56 145844 88315.4 -18916.9 1353.78
23300 2018.74 145333 88320.1 -18948 1388.99
23400 1957.48 147229 88324.8 -18901.5 1346.85
23500 1975.1 146566 88329.6 -18908.8 1358.97
23600 2004.49 145957 88334.4 -18924 1379.2
23700 1972.21 147191 88339.2 -18896.6 1356.98
23800 1964.18 148153 88344 -18885.7 1351.46
23900 1997.56 146915 88348.8 -18903.1 1374.42
24000 1988.8 147351 88353.7 -18891.5 1368.39
24100 2014.6 146366 88358.5 -18903.7 1386.15
24200 1988.4 147288 88363.4 -18880.4 1368.12
24300 2004.01 147450 88368.4 -18886.2 1378.86
24400 2004.97 147330 88373.3 -18882.2 1379.52
24500 2008.91 147987 88378.3 -18880.4 1382.23
24600 2003.76 148247 88383.2 -18872.7 1378.69
24700 2048.83 146780 88388.3 -18899.8 1409.7
24800 2030.7 148281 88393.3 -18883.7 1397.22
24900 2055.98 147139 88398.3 -18897.8 1414.62
25000 2033.71 147796 88403.4 -18879.5 1399.29
25100 2000.94 149153 88408.5 -18854.4 1376.75
25200 2040.9 147933 88413.6 -18879.7 1404.25
25300 2064.06 147737 88418.8 -18893.9 1420.18
25400 2037.98 148084 88423.9 -18875 1402.23
25500 2037.47 148086 88429.1 -18874 1401.89
25600 2037.75 148123 88434.3 -18874.2 1402.08
25700 2029.12 148193 88439.5 -18868.8 1396.14
25800 2030.84 148161 88444.8 -18871.1 1397.33
25900 2037.48 148322 88450 -18877.3 1401.89
26000 2042.29 147968 88455.3 -18882.8 1405.2
26100 2033.21 147872 88460.6 -18879.2 1398.96
26200 2021.26 148288 88466 -18874.1 1390.73
26300 2026.55 147971 88471.3 -18881.3 1394.37
26400 2023.09 147303 88476.7 -18882.8 1391.99
26500 2018.21 147474 88482.1 -18883.7 1388.64
26600 2035.03 146770 88487.5 -18899.8 1400.21
26700 2015.66 146689 88492.9 -18891.2 1386.88
26800 2018.35 146397 88498.4 -18898 1388.73
26900 2016.68 146283 88503.9 -18901.9 1387.58
27000 2009.2 145923 88509.4 -18902 1382.43
27100 1986.52 146368 88514.9 -18891.8 1366.83
27200 1992.11 145480 88520.4 -18900.9 1370.67
27300 2012.23 144984 88526 -18920 1384.52
27400 1990.64 145073 88531.6 -18910.5 1369.67
27500 1981.12 145429 88537.2 -18909.2 1363.11
27600 1989.57 144835 88542.8 -18920.1 1368.92
27700 1977.74 144382 88548.4 -18916.8 1360.79
27800 1990.62 144463 88554.1 -18930.2 1369.65
27900 1959.15 144668 88559.8 -18912.8 1348
28000 1982.33 143169 88565.5 -18932.6 1363.95
28100 1957.86 143981 88571.2 -18919.5 1347.11
28200 1939.57 144200 88576.9 -18910 1334.52
28300 1971.48 143586 88582.7 -18934.7 1356.48
28400 1982.91 142809 88588.5 -18945 1364.35
28500 1954.06 143829 88594.3 -18927.2 1344.49
28600 1946.22 143675 88600.1 -18923.4 1339.1
28700 1960 143157 88605.9 -18934 1348.58
28800 1951.05 142895 88611.8 -18928.5 1342.42
28900 1978.02 142032 88617.7 -18947.3 1360.98
29000 1936.85 143940 88623.6 -18918.7 1332.65
29100 1961.58 142211 88629.5 -18934.9 1349.67
29200 1966.94 142982 88635.4 -18937.4 1353.36
29300 1968.67 142414 88641.4 -18936.9 1354.55
29400 1966.49 143017 88647.3 -18933.2 1353.05
29500 1983.75 142775 88653.3 -18942.5 1364.92
29600 1957.39 143297 88659.3 -18921.4 1346.79
29700 1987.96 142550 88665.4 -18939 1367.82
29800 1983.18 143110 88671.4 -18932 1364.53
29900 1978.83 143630 88677.5 -18925.2 1361.54
30000 1990.26 143516 88683.6 -18929.1 1369.4
30100 1991.66 143683 88689.7 -18925.8 1370.36
30200 2000.67 143590 88695.8 -18927.6 1376.57
30300 1981.7 143288 88701.9 -18910.2 1363.51
30400 1994.93 144016 88708.1 -18914.8 1372.61
30500 1997.31 143375 88714.2 -18912 1374.25
30600 2019.06 143495 88720.4 -18922.5 1389.22
30700 1990.04 144339 88726.7 -18898.3 1369.25
30800 2016.33 143774 88732.9 -18912.1 1387.34
30900 2022.79 143833 88739.1 -18912.5 1391.79
31000 2014.95 143704 88745.4 -18903.4 1386.39
31100 2026.35 143507 88751.7 -18907.8 1394.23
31200 2017.7 144870 88758 -18898.8 1388.28
31300 2015.74 144147 88764.3 -18894.5 1386.94
31400 2028.21 144498 88770.6 -18900.4 1395.51
31500 1999.16 144956 88777 -18878 1375.53
31600 2045.16 144320 88783.4 -18907.6 1407.18
31700 2034.19 144340 88789.8 -18898.3 1399.63
31800 2038.22 144642 88796.2 -18899.7 1402.4
31900 2038.23 143904 88802.6 -18898.9 1402.4
32000 2032.54 144199 88809 -18894.6 1398.49
32100 2040.79 144386 88815.5 -18900.5 1404.17
32200 2031.12 144416 88822 -18894.5 1397.51
32300 2041.33 144053 88828.5 -18902.7 1404.54
32400 2016.92 144433 88835 -18887.5 1387.75
32500 2035.35 143643 88841.5 -18902.3 1400.43
32600 1992.55 144137 88848.1 -18875.3 1370.97
32700 2032.58 143059 88854.6 -18905.7 1398.52
32800 2029.8 143089 88861.2 -18907 1396.6
32900 2019.01 143709 88867.8 -18902.9 1389.18
33000 2038.6 142782 88874.4 -18920.1 1402.66
33100 2002.8 142871 88881.1 -18899.4 1378.03
33200 1969 143877 88887.7 -18880.3 1354.77
33300 2007.77 142500 88894.4 -18911.4 1381.45
33400 2015.16 141907 88901.1 -18920.9 1386.53
33500 2017.81 141384 88907.7 -18927.4 1388.36
33600 2001.75 141828 88914.5 -18921 1377.31
33700 2006.38 141073 88921.2 -18929 1380.49
33800 1985.17 141427 88927.9 -18919.3 1365.9
33900 1998.4 140831 88934.7 -18933 1375
34000 1988.66 140890 88941.5 -18930.7 1368.3
34100 1986.86 140602 88948.3 -18933.8 1367.06
34200 1967.46 140899 88955.1 -18924.6 1353.71
34300 1984.96 140471 88961.9 -18940.6 1365.76
34400 1970.49 140391 88968.7 -18934.1 1355.8
34500 1992 139745 88975.6 -18952.2 1370.6
34600 1989.7 139197 88982.4 -18953.6 1369.02
34700 1938.7 140484 88989.3 -18921.3 1333.93
34800 1972.1 139739 88996.2 -18946.6 1356.91
34900 1963.65 139740 89003.1 -18942.8 1351.09
35000 1958.71 139554 89010 -18940.9 1347.7
35100 1946.87 140072 89017 -18933.7 1339.55
35200 1956.04 139841 89023.9 -18940.4 1345.86
35300 1952.64 140135 89030.9 -18938 1343.52
35400 1975.66 138717 89037.9 -18953.3 1359.35
35500 1979.06 138997 89044.9 -18954.7 1361.69
35600 1983.08 138535 89051.9 -18956.1 1364.46
35700 1964.96 139704 89058.9 -18942 1351.99
35800 1975.85 139115 89065.9 -18947.6 1359.49
35900 2014.98 138315 89073 -18972.3 1386.41
36000 1964.01 139475 89080 -18934.7 1351.34
36100 1967.02 139706 89087.1 -18934.1 1353.41
36200 1979.2 139153 89094.2 -18939.3 1361.79
36300 2037.93 138238 89101.3 -18976.3 1402.2
36400 1979.28 139976 89108.4 -18932.4 1361.85
36500 2014.27 139046 89115.5 -18952.9 1385.92
36600 2009.92 138705 89122.7 -18946.3 1382.93
36700 2004.22 139278 89129.8 -18938.8 1379.01
36800 2004.5 139415 89137 -18935.6 1379.2
36900 2005.68 139773 89144.2 -18932.9 1380.01
37000 2027.6 139394 89151.4 -18944.4 1395.09
37100 1989.41 140348 89158.6 -18914.7 1368.82
37200 2003.67 140165 89165.8 -18921.1 1378.63
37300 2025.14 139053 89173 -18932.6 1393.4
37400 2002.29 139890 89180.2 -18913.8 1377.68
37500 2004.37 140120 89187.5 -18912.2 1379.11
37600 2032.86 140196 89194.8 -18929 1398.71
37700 2009.39 139758 89202 -18910.5 1382.56
37800 2027.07 139401 89209.3 -18920.6 1394.73
37900 2031.6 140103 89216.6 -18922.1 1397.85
38000 2031.86 140180 89223.9 -18921 1398.03
38100 2044.86 139905 89231.3 -18928.9 1406.97
38200 2034.24 139489 89238.6 -18920.9 1399.66
38300 2033.43 140063 89245.9 -18919.9 1399.1
38400 2044.61 139598 89253.3 -18927.5 1406.8
38500 2013.95 140308 89260.7 -18906.6 1385.71
38600 2013.15 139718 89268 -18906.6 1385.15
38700 2031.14 139052 89275.4 -18919.8 1397.53
38800 2013.24 139952 89282.8 -18908.6 1385.22
38900 2013.85 139772 89290.2 -18910.4 1385.63
39000 2015.94 139023 89297.7 -18913.7 1387.07
39100 2018.75 138773 89305.1 -18917.7 1389.01
39200 2016.67 139009 89312.5 -18918.6 1387.57
39300 2015.81 139191 89320 -18920.4 1386.98
39400 2011.01 138408 89327.5 -18919.7 1383.68
39500 2020.85 138154 89334.9 -18929.4 1390.45
39600 1996.58 138857 89342.4 -18915.8 1373.75
39700 1992.95 138933 89349.9 -18916.5 1371.25
39800 1974.48 139324 89357.4 -18907.1 1358.54
39900 2007.47 137837 89364.9 -18933.1 1381.24
40000 1987.19 138481 89372.4 -18922.6 1367.29
40100 1987.59 138261 89372.5 -18922.9 1367.56
40200 1994.57 138293 89372.5 -18927.9 1372.37
40300 1989.45 137698 89372.6 -18924.8 1368.84
40400 1998.13 137410 89372.6 -18931.1 1374.82
40500 2029.67 136693 89372.7 -18953.4 1396.52
40600 2002.57 137605 89372.9 -18935.7 1377.87
40700 1989.53 137902 89373 -18928.1 1368.9
40800 1990.97 137308 89373.2 -18931 1369.89
40900 1994.87 138186 89373.4 -18936.1 1372.57
41000 1987.37 137436 89373.6 -18933.9 1367.41
41100 1992.6 137498 89373.8 -18941.2 1371.01
41200 1975.95 137600 89374.1 -18934 1359.56
41300 1961.35 137568 89374.3 -18928.9 1349.51
41400 1970.13 137000 89374.6 -18940.1 1355.55
41500 1973.22 136514 89375 -18947.7 1357.68
41600 1988.23 135992 89375.3 -18963.4 1368
41700 1956.8 136880 89375.7 -18946.7 1346.38
41800 1960.65 136601 89376.1 -18953.6 1349.03
41900 1977.97 136140 89376.5 -18969.3 1360.95
42000 1947.33 136317 89376.9 -18951.6 1339.86
42100 1945.66 135646 89377.4 -18953.5 1338.71
42200 1948.81 136192 89377.9 -18958.5 1340.88
42300 1937.92 135929 89378.4 -18954 1333.39
42400 1924.78 136405 89378.9 -18947.9 1324.35
42500 1939.14 136272 89379.4 -18960.9 1334.23
42600 1936.53 135439 89380 -18962.6 1332.44
42700 1937.98 135747 89380.6 -18967.4 1333.43
42800 1917.05 135469 89381.2 -18957.2 1319.03
42900 1956.34 134641 89381.9 -18988.8 1346.06
43000 1930.18 135149 89382.5 -18975.5 1328.07
43100 1956.7 133949 89383.2 -18998.6 1346.31
43200 1944.28 134133 89383.9 -18995 1337.76
43300 1927.92 134573 89384.6 -18989.1 1326.51
43400 1949.3 133192 89385.4 -19009.3 1341.22
43500 1952.59 132919 89386.1 -19017.1 1343.48
43600 1941.51 132782 89386.9 -19015.1 1335.86
43700 1893.46 133932 89387.7 -18987.7 1302.8
43800 1919.28 132739 89388.6 -19010.9 1320.56
43900 1893.52 133129 89389.4 -18998.5 1302.84
44000 1910.42 132436 89390.3 -19015.6 1314.47
44100 1880.49 133511 89391.2 -19000.4 1293.87
44200 1892.32 132253 89392.1 -19013.9 1302.01
44300 1913.71 132065 89393.1 -19034.1 1316.73
44400 1895.67 131970 89394 -19027.2 1304.32
44500 1854.49 133112 89395 -19004.6 1275.99
44600 1832.67 133031 89396 -18995.2 1260.97
44700 1864.2 132069 89397 -19022.3 1282.67
44800 1857.72 131413 89398.1 -19023.4 1278.21
44900 1874.64 130769 89399.2 -19040.9 1289.85
45000 1854.92 131215 89400.2 -19033.2 1276.28
45100 1819.85 131568 89401.4 -19015 1252.15
45200 1852.34 130465 89402.5 -19043.2 1274.51
45300 1873.3 129635 89403.6 -19063.5 1288.93
45400 1855.76 129911 89404.8 -19057.4 1276.86
45500 1833.03 130053 89406 -19047.8 1261.22
45600 1842.33 130036 89407.2 -19060.2 1267.62
45700 1828.64 129146 89408.5 -19056.8 1258.2
45800 1814.96 129500 89409.7 -19053.2 1248.79
45900 1846.41 128752 89411 -19080.7 1270.42
46000 1838.36 128155 89412.3 -19081.2 1264.89
46100 1830.47 128197 89413.7 -19081.9 1259.46
46200 1800.54 128768 89415 -19067.8 1238.87
46300 1799.24 128645 89416.4 -19073.2 1237.97
46400 1794.94 128304 89417.8 -19076.5 1235.01
46500 1777.47 128736 89419.2 -19070.6 1222.99
46600 1797.53 127347 89420.6 -19090.4 1236.8
46700 1788.9 127146 89422 -19090.4 1230.85
46800 1803.23 127212 89423.5 -19106.5 1240.72
46900 1794.31 126872 89425 -19106.6 1234.58
47000 1793 126880 89426.5 -19111.9 1233.68
47100 1786.85 126125 89428 -19113.8 1229.45
47200 1785.95 125956 89429.6 -19119.3 1228.82
47300 1747.82 126697 89431.2 -19099.2 1202.59
47400 1768.74 125897 89432.8 -19119.6 1216.98
47500 1764.76 125321 89434.4 -19122.9 1214.25
47600 1733.66 126513 89436 -19107.6 1192.85
47700 1739.97 125409 89437.7 -19118.1 1197.19
47800 1741.16 125774 89439.4 -19125.1 1198.01
47900 1747.99 124977 89441.1 -19136 1202.7
48000 1733 124571 89442.8 -19131.9 1192.4
48100 1727.37 124244 89444.5 -19134.3 1188.52
48200 1720.91 124386 89446.3 -19136.2 1184.07
48300 1707.47 124251 89448.1 -19133.1 1174.83
48400 1711.55 123354 89449.9 -19142 1177.63
48500 1726.54 122893 89451.7 -19158.4 1187.95
48600 1720.22 122836 89453.5 -19160.1 1183.6
48700 1708.25 123159 89455.4 -19157.9 1175.36
48800 1698.79 123211 89457.3 -19157.6 1168.86
48900 1693.67 122717 89459.2 -19160.3 1165.33
49000 1711.47 121477 89461.1 -19178.8 1177.58
49100 1684.15 122323 89463 -19166.1 1158.79
49200 1683.81 121554 89465 -19172.1 1158.55
49300 1676.01 121911 89467 -19172.9 1153.18
49400 1660.05 122183 89469 -19168.2 1142.2
49500 1673.41 121609 89471 -19183.9 1151.39
49600 1665.83 120630 89473 -19185.1 1146.18
49700 1664.69 120708 89475.1 -19190.5 1145.39
49800 1698.36 119818 89477.2 -19219.9 1168.56
49900 1650.87 120311 89479.2 -19193.5 1135.88
50000 1651.77 120344 89481.4 -19200.3 1136.5
50100 1641.37 120490 89483.5 -19199.2 1129.35
50200 1661.79 119151 89485.7 -19219.4 1143.39
50300 1662.55 118772 89487.8 -19226.3 1143.92
50400 1627.35 119527 89490 -19208.5 1119.7
50500 1627.44 118961 89492.3 -19214.9 1119.76
50600 1615.49 119171 89494.5 -19213 1111.54
50700 1618.14 119058 89496.7 -19221 1113.37
50800 1610.65 118865 89499 -19221.9 1108.21
50900 1599.91 118523 89501.3 -19220.5 1100.82
51000 1595.42 118539 89503.6 -19223.5 1097.73
51100 1599.57 118272 89506 -19232.5 1100.59
51200 1602.28 117651 89508.3 -19240.4 1102.45
51300 1593.82 116826 89510.7 -19240.7 1096.63
51400 1610.08 116421 89513.1 -19258.2 1107.82
51500 1612.74 115996 89515.5 -19266.4 1109.65
51600 1577.44 117196 89517.9 -19248.6 1085.36
51700 1586.06 116597 89520.3 -19260.7 1091.29
51800 1577.16 116129 89522.8 -19260.6 1085.17
51900 1580.72 115771 89525.3 -19269.1 1087.62
52000 1577.05 115800 89527.8 -19272.7 1085.09
52100 1572.56 114911 89530.3 -19275.7 1082.01
52200 1540.85 115864 89532.9 -19260.1 1060.19
52300 1541.79 114978 89535.4 -19266.8 1060.83
52400 1533.35 115009 89538 -19266.9 1055.02
52500 1537.42 114737 89540.6 -19275.7 1057.82
52600 1557.61 114018 89543.2 -19295.5 1071.72
52700 1531.53 113974 89545.8 -19283.7 1053.77
52800 1548.82 113447 89548.5 -19301.7 1065.67
52900 1547.44 112705 89551.2 -19306.9 1064.72
53000 1514.65 113406 89553.9 -19290.6 1042.16
53100 1509.59 113004 89556.6 -19293.2 1038.68
53200 1520.75 112733 89559.3 -19307 1046.35
53300 1512.43 112733 89562 -19307.3 1040.63
53400 1519.95 112108 89564.8 -19318.5 1045.81
53500 1507.01 112222 89567.6 -19315.6 1036.9
53600 1504.93 111906 89570.4 -19320.1 1035.47
53700 1493 111610 89573.2 -19318 1027.26
53800 1497.73 111908 89576 -19327.3 1030.51
53900 1489.2 111959 89578.9 -19327.4 1024.64
54000 1485.86 110608 89581.8 -19331 1022.35
54100 1476.73 110476 89584.7 -19330.7 1016.07
54200 1477.43 110370 89587.6 -19337.1 1016.55
54300 1486.01 110308 89590.5 -19349 1022.45
54400 1466.02 109766 89593.4 -19341.2 1008.69
54500 1464.25 109866 89596.4 -19346.1 1007.48
54600 1465.67 109668 89599.4 -19353.2 1008.46
54700 1463.62 109230 89602.4 -19357.8 1007.05
54800 1440.13 109551 89605.4 -19347.7 990.882
54900 1447.53 109136 89608.4 -19358.7 995.974
55000 1452.93 108347 89611.5 -19368.4 999.694
55100 1440.72 108210 89614.5 -19365.9 991.287
55200 1432.37 108384 89617.6 -19366.1 985.547
55300 1450.84 107417 89620.7 -19384.7 998.25
55400 1421.12 107747 89623.8 -19370.1 977.804
55500 1435.27 107079 89627 -19385.6 987.537
55600 1443 106392 89630.1 -19396.8 992.856
55700 1432.15 106479 89633.3 -19395.4 985.394
55800 1416.15 106384 89636.5 -19390.5 974.384
55900 1401.57 106863 89639.7 -19386.7 964.355
56000 1395.45 106869 89642.9 -19388.7 960.144
56100 1417.7 105718 89646.2 -19410.1 975.448
56200 1405.23 105482 89649.4 -19407.7 966.87
56300 1402.44 105777 89652.7 -19412 964.954
56400 1373.11 106386 89656 -19397.8 944.77
56500 1401.52 104985 89659.3 -19423.3 964.316
56600 1409.45 104091 89662.6 -19434.9 969.777
56700 1384.91 104310 89666 -19424.3 952.888
56800 1397.12 103776 89669.3 -19439 961.292
56900 1349.73 104366 89672.7 -19412.5 928.682
57000 1376.67 103377 89676.1 -19437.1 947.217
57100 1367.6 103707 89679.5 -19436.8 940.978
57200 1351.04 103715 89682.9 -19431.5 929.583
57300 1354.3 103209 89686.4 -19439.7 931.83
57400 1342.19 103590 89689.8 -19437.4 923.495
57500 1355.63 102525 89693.3 -19452.5 932.743
57600 1338.11 102766 89696.8 -19446.4 920.688
57700 1351.26 102486 89700.3 -19461.5 929.738
57800 1330.97 102082 89703.8 -19453.4 915.779
57900 1343.61 101528 89707.4 -19468 924.474
58000 1355.3 100264 89710.9 -19481.8 932.518
58100 1330.32 101054 89714.5 -19470.7 915.331
58200 1358.9 99844.5 89718.1 -19496.5 934.995
58300 1353.96 99351.7 89721.7 -19499.4 931.594
58400 1312.78 100371 89725.3 -19477.4 903.261
58500 1327.88 99245 89729 -19494.2 913.653
58600 1322.8 99242.6 89732.6 -19497.1 910.153
58700 1316.58 99112.5 89736.3 -19499.3 905.877
58800 1295.06 99214.2 89740 -19490.9 891.07
58900 1277.52 99560.8 89743.7 -19485.1 879
59000 1300.15 98340.2 89747.4 -19506.8 894.57
59100 1284.28 98490 89751.1 -19502 883.654
59200 1297.13 97469.2 89754.8 -19517 892.494
59300 1277.78 97882.1 89758.6 -19509.9 879.181
59400 1273.14 97814.1 89762.4 -19512.8 875.986
59500 1290.49 96649.7 89766.2 -19530.8 887.923
59600 1268.34 97090.3 89770 -19521.7 872.687
59700 1245.53 97534.8 89773.8 -19512 856.992
59800 1257.91 96902.3 89777.7 -19526.4 865.507
59900 1257.12 96701.4 89781.5 -19532 864.962
60000 1246.54 96413.9 89785.4 -19530.8 857.684
60100 1251.24 96230.4 89789.3 -19540.2 860.92
60200 1233.62 96577.7 89793.2 -19534.2 848.791
60300 1241.13 95734.9 89797.1 -19545.3 853.965
60400 1246.63 95413.8 89801 -19555.1 857.745
60500 1220.72 95541.5 89804.9 -19543.2 839.917
60600 1233.38 94698 89808.9 -19557.8 848.628
60700 1229.39 94171.8 89812.9 -19561 845.882
60800 1218.48 94661.7 89816.9 -19559.5 838.38
60900 1206.67 94749.2 89820.9 -19557.5 830.25
61000 1196.15 94545.4 89824.9 -19556.3 823.016
61100 1212.89 93553.1 89828.9 -19573.8 834.53
61200 1218.47 93026 89833 -19583.7 838.368
61300 1217.58 92676.1 89837 -19589.2 837.76
61400 1213.33 92450.2 89841.1 -19592.4 834.832
61500 1185.25 92803.3 89845.2 -19579.3 815.517
61600 1193.43 92738.5 89849.3 -19591.1 821.145
61700 1202.27 91373.9 89853.4 -19603.5 827.221
61800 1176.53 91946.1 89857.5 -19592.1 809.513
61900 1178.5 91320.7 89861.7 -19599.7 810.866
62000 1163.72 91453.2 89865.8 -19595.7 800.701
62100 1179.32 90743.5 89870 -19612.6 811.435
62200 1166.21 90792.1 89874.2 -19609.8 802.41
62300 1167.73 90178.9 89878.4 -19617 803.456
62400 1162.61 90115.2 89882.6 -19619.6 799.936
62500 1163.01 89767.1 89886.9 -19626 800.214
62600 1158.39 89708 89891.1 -19628.9 797.032
62700 1144.24 89737.9 89895.4 -19625.3 787.297
62800 1149.18 88899.6 89899.6 -19634.7 790.692
62900 1146.85 89039.7 89903.9 -19639.2 789.09
63000 1140.64 88316.3 89908.2 -19641.1 784.82
63100 1137.64 88501.6 89912.5 -19645.1 782.756
63200 1131.53 87989.5 89916.8 -19647.1 778.552
63300 1135.23 87422.1 89921.2 -19655.8 781.096
63400 1107.02 87859.5 89925.5 -19642.7 761.688
63500 1110.18 87253.2 89929.9 -19651.1 763.859
63600 1127.59 86408.5 89934.3 -19669.2 775.841
63700 1105.79 86909.5 89938.6 -19660.5 760.84
63800 1101.94 86395 89943 -19664 758.189
63900 1097.99 86044.9 89947.5 -19667.4 755.474
64000 1103.68 85337.9 89951.9 -19677.5 759.386
64100 1087.16 85730.2 89956.3 -19672.4 748.019
64200 1092.97 85317.8 89960.8 -19682.5 752.017
64300 1091.5 84924.7 89965.2 -19687.6 751.011
64400 1085.57 84408.3 89969.7 -19689.7 746.929
64500 1075.12 84880.6 89974.2 -19688.7 739.737
64600 1075 84205.8 89978.7 -19694.8 739.653
64700 1096.03 83529.8 89983.2 -19715.6 754.125
64800 1068.95 83473.6 89987.7 -19703.3 735.492
64900 1046.18 84104.2 89992.3 -19693.9 719.828
65000 1041.64 83902.9 89996.8 -19696.9 716.701
65100 1052.58 83310.9 90001.4 -19710.5 724.231
65200 1053.01 83142.9 90006 -19716.9 724.524
65300 1039.76 82760.9 90010.6 -19713.8 715.406
65400 1038.82 82558.3 90015.1 -19719.3 714.763
65500 1050.5 81786.3 90019.8 -19733.4 722.8
65600 1040.13 81360 90024.4 -19732.5 715.665
65700 1019.27 82016.6 90029 -19724.4 701.313
65800 1039.7 81148.2 90033.7 -19744.6 715.37
65900 1023.85 81079.3 90038.3 -19740 704.462
66000 1025.02 80485.5 90043 -19747 705.266
66100 1027.45 79760.3 90047.7 -19754.9 706.936
66200 1023.04 79367.6 90052.3 -19758.1 703.905
66300 1024.79 79580.7 90057 -19765.7 705.108
66400 1001.04 79513.9 90061.8 -19755.7 688.771
66500 1009.91 78830 90066.5 -19768.1 694.872
66600 1004.65 78866.1 90071.2 -19770.8 691.254
66700 997.828 78424.1 90076 -19772.4 686.557
66800 983.982 78657.9 90080.7 -19769.2 677.03
66900 993.436 77746.3 90085.5 -19782.1 683.535
67000 969.999 78097.9 90090.3 -19772.3 667.41
67100 975.008 77567.1 90095 -19782 670.856
67200 968.395 77413.5 90099.8 -19783.7 666.306
67300 974.071 76785.3 90104.6 -19793.8 670.211
67400 964.024 76771.4 90109.5 -19793.2 663.298
67500 950.338 76426.5 90114.3 -19790 653.882
67600 984.699 74941.1 90119.1 -19819.8 677.524
67700 967.995 75432.7 90124 -19814.7 666.031
67800 955.487 75831.2 90128.8 -19812.3 657.425
67900 948.33 74898 90133.7 -19813.6 652.5
68000 943.773 74552.9 90138.6 -19816.7 649.365
68100 955.641 74132.7 90143.5 -19831.1 657.53
68200 933.648 74495.6 90148.4 -19822.2 642.398
68300 926.36 74624.6 90153.3 -19823.4 637.384
68400 926.31 73794.6 90158.2 -19829.5 637.349
68500 920.221 73534.9 90163.1 -19831.5 633.16
68600 925.34 73321.5 90168.1 -19841.1 636.682
68700 906.231 73358.4 90173 -19834.1 623.534
68800 916.255 72786.4 90178 -19847.2 630.431
68900 916.683 72502.7 90182.9 -19853.8 630.726
69000 918.276 72185.2 90187.9 -19861.2 631.821
69100 912.615 71485.8 90192.9 -19863.7 627.926
69200 892.504 71717.9 90197.9 -19856.2 614.089
69300 894.457 71071.6 90202.9 -19863.9 615.433
69400 887.972 71222.8 90207.9 -19865.8 610.971
69500 898.523 70582.1 90212.9 -19879.3 618.23
69600 871.677 71012.3 90217.9 -19867.1 599.759
69700 876.896 70008.7 90223 -19877 603.35
69800 883.595 69643.9 90228 -19887.8 607.959
69900 864.553 69831 90233.1 -19881.1 594.857
70000 861.518 69427.4 90238.1 -19885.3 592.769
70100 865.234 68970.5 90243.2 -19894.1 595.326
70200 858.832 68986.1 90248.3 -19896 590.921
70300 849.77 68823.2 90253.4 -19895.9 584.686
70400 856.867 68179.4 90258.5 -19907 589.569
70500 847.719 68232.5 90263.6 -19906.9 583.274
70600 839.487 67887.3 90268.7 -19907.5 577.611
70700 824.225 67840.7 90273.8 -19903.3 567.11
70800 832.042 67740.9 90278.9 -19915 572.488
70900 844.243 67032.5 90284 -19929.6 580.883
71000 824.792 67151.3 90289.2 -19922.4 567.5
71100 824.299 66232.4 90294.3 -19928.2 567.16
71200 814.235 66159 90299.5 -19927.5 560.236
71300 826.497 65349.7 90304.6 -19942.1 568.673
71400 811.623 65291 90309.8 -19938.1 558.439
71500 821.455 64871.8 90315 -19951.1 565.204
71600 798.413 65003.4 90320.2 -19941.5 549.349
71700 801.314 64551.7 90325.4 -19949.7 551.345
71800 792.007 64464.1 90330.6 -19949.6 544.942
71900 779.568 64447.7 90335.8 -19947.2 536.383
72000 777.42 64700.7 90341 -19951.9 534.905
72100 785.33 63795.3 90346.2 -19963.5 540.348
72200 781.79 63059.3 90351.4 -19967.3 537.912
72300 774.421 63083.4 90356.7 -19968.4 532.842
72400 772.227 63077.4 90361.9 -19973.1 531.332
72500 780.705 62807.8 90367.2 -19985.1 537.165
72600 758.495 62537.5 90372.4 -19976 521.884
72700 756.76 62488.4 90377.7 -19980.9 520.69
72800 755.471 62025.9 90382.9 -19986.3 519.803
72900 761.552 61280 90388.2 -19996.7 523.987
73000 747.145 61468 90393.5 -19992.9 514.074
73100 755.567 60923.8 90398.8 -20004.9 519.869
73200 738.423 60961.5 90404 -19999.2 508.074
73300 737.977 60533.9 90409.3 -20005.1 507.766
73400 738.45 60084.3 90414.6 -20011.6 508.092
73500 735.836 59545.7 90419.9 -20016 506.293
73600 744.168 58680.9 90425.2 -20028 512.026
73700 726.821 59099.5 90430.6 -20022.4 500.09
73800 728.404 58230.1 90435.9 -20029.8 501.18
73900 718.58 57831.8 90441.2 -20029.3 494.42
74000 717.234 57521.1 90446.5 -20034.7 493.494
74100 705.941 58279.1 90451.9 -20033.2 485.724
74200 701.652 57733.6 90457.2 -20036.5 482.773
74300 701.761 57357.4 90462.6 -20042.8 482.848
74400 700.6 56916.2 90467.9 -20048.2 482.049
74500 696.615 56390.5 90473.3 -20051.6 479.307
74600 688.497 56460.7 90478.6 -20052.2 473.722
74700 690.082 55891.3 90484 -20059.5 474.812
74800 667.045 56242.6 90489.4 -20049.9 458.962
74900 676.653 55334.6 90494.7 -20062.7 465.573
75000 672.578 55179 90500.1 -20066.1 462.768
75100 666.302 54904.5 90505.5 -20068 458.45
75200 666.022 54826.6 90510.9 -20074 458.258
75300 667.886 54379.4 90516.3 -20081.4 459.54
75400 661.479 54226.5 90521.7 -20083.2 455.132
75500 651.749 54099.4 90527.1 -20082.6 448.437
75600 650.978 53857 90532.5 -20088.3 447.907
75700 645.745 53285.3 90537.9 -20090.8 444.306
75800 642.246 52915.3 90543.3 -20094.5 441.898
75900 638.789 52959.1 90548.7 -20098.3 439.52
76000 639.209 52511.7 90554.1 -20104.6 439.809
76100 638.126 51979.5 90559.5 -20110 439.064
76200 631.547 51425.8 90565 -20111.6 434.537
76300 619.447 51742.6 90570.4 -20109.4 426.212
76400 628.582 51343.9 90575.8 -20121.7 432.497
76500 608.19 51502.7 90581.3 -20113.7 418.466
76600 621.519 50542.4 90586.7 -20129 427.637
76700 609.1 50551.3 90592.1 -20126.5 419.092
76800 606.945 50060.3 90597.6 -20131 417.609
76900 597.959 50146.7 90603 -20130.8 411.427
77000 591.834 49878.8 90608.5 -20132.6 407.212
77100 592.66 49422.8 90613.9 -20139.3 407.781
77200 587.675 49482.3 90619.4 -20141.9 404.351
77300 596.615 48406.4 90624.8 -20154 410.502
77400 584.717 48576.1 90630.3 -20151.9 402.316
77500 569.189 48342.1 90635.7 -20147.2 391.632
77600 562.423 48581.2 90641.2 -20148.6 386.976
77700 575.334 47693.4 90646.7 -20163.5 395.86
77800 565.981 47538 90652.1 -20163.1 389.424
77900 563.022 47143.5 90657.6 -20167 387.389
78000 554.842 47141.6 90663.1 -20167.4 381.76
78100 555.779 46633.1 90668.5 -20174 382.405
78200 549.402 46415.7 90674 -20175.6 378.017
78300 541.408 46592.6 90679.5 -20176 372.516
78400 540.848 46330.6 90685 -20181.5 372.131
78500 536.079 45907.5 90690.4 -20184.1 368.85
78600 540.455 45297.9 90695.9 -20193.1 371.861
78700 534.418 45033.6 90701.4 -20194.9 367.707
78800 528.489 44709.9 90706.9 -20196.7 363.628
78900 523.507 44392.2 90712.4 -20199.1 360.2
79000 514.377 44656.9 90717.8 -20198.6 353.918
79100 513.455 44164.6 90723.3 -20203.8 353.284
79200 501.57 44004.4 90728.8 -20201.5 345.106
79300 505.808 43827.2 90734.3 -20210.2 348.022
79400 500.228 43515.1 90739.8 -20212.2 344.183
79500 495.568 42995.9 90745.3 -20214.8 340.976
79600 488.451 42874.7 90750.8 -20215.6 336.079
79700 496.342 42503.2 90756.3 -20226.8 341.509
79800 487.739 42538.8 90761.7 -20226.7 335.59
79900 488.646 42212.9 90767.2 -20233.1 336.214
80000 487.672 41720 90772.7 -20238.2 335.544
80100 475.183 41479.7 90778.2 -20235.4 326.95
80200 470.877 41629.3 90783.7 -20238.2 323.988
80300 469.069 41486.8 90789.2 -20242.7 322.744
80400 464.639 41104.7 90794.7 -20245.5 319.696
80500 456.699 40992.8 90800.2 -20245.8 314.233
80600 461.394 40421.8 90805.7 -20254.7 317.463
80700 452.972 40231.8 90811.2 -20254.7 311.668
80800 448.316 40050.5 90816.6 -20257.2 308.464
80900 440.343 39993.4 90822.1 -20257.4 302.979
81000 443.055 39254.2 90827.6 -20264.9 304.844
81100 432.478 39393.9 90833.1 -20263.3 297.567
81200 441.629 38717.5 90838.6 -20275.3 303.863
81300 431.919 38730.8 90844.1 -20274.3 297.182
81400 427.102 38585.7 90849.6 -20276.6 293.868
81500 431.774 37669.6 90855.1 -20285.4 297.083
81600 418.704 38044.5 90860.5 -20282.2 288.09
81700 417.901 37308.3 90866 -20287.2 287.538
81800 409.058 37441.9 90871.5 -20286.7 281.453
81900 407.04 37227.5 90877 -20290.9 280.065
82000 403.831 36925.3 90882.5 -20294.3 277.857
82100 399.285 36741.7 90887.9 -20296.8 274.729
82200 390.034 36470.4 90893.4 -20295.9 268.363
82300 394.718 36213.2 90898.9 -20304.7 271.586
82400 386.333 36301.6 90904.4 -20304.5 265.817
82500 383.449 35788.6 90909.8 -20308.1 263.832
82600 384.545 35438.6 90915.3 -20314.4 264.587
82700 371.518 35523.8 90920.8 -20311 255.623
82800 378.036 34898.7 90926.3 -20320.9 260.108
82900 370.512 34985.8 90931.7 -20321.3 254.932
83000 360.711 34741.4 90937.2 -20320.1 248.188
83100 361.531 34385.1 90942.6 -20326.2 248.752
83200 358.447 34077.2 90948.1 -20329.5 246.63
83300 353.687 33930.2 90953.6 -20331.7 243.355
83400 346.718 33700.2 90959 -20332.4 238.56
83500 352.318 33302.8 90964.5 -20341.7 242.413
83600 347.278 32933.4 90969.9 -20343.7 238.945
83700 341.251 32656.3 90975.4 -20345.1 234.798
83800 333.076 32814.7 90980.8 -20344.9 229.174
83900 330.869 32651.4 90986.3 -20348.8 227.655
84000 329.264 32264.8 90991.7 -20353.2 226.551
84100 322.465 32103 90997.1 -20353.9 221.873
84200 313.124 32210.5 91002.6 -20352.9 215.446
84300 313.69 31567.9 91008 -20358.7 215.835
84400 313.914 31414.5 91013.4 -20364.3 215.989
84500 310.319 31431.8 91018.9 -20367.2 213.516
84600 303.08 31043.5 91024.3 -20367.6 208.535
84700 302.035 30679.5 91029.7 -20372.3 207.816
84800 293.955 30683.3 91035.1 -20372.1 202.256
84900 294.428 30364.9 91040.5 -20377.8 202.582
85000 288.725 30215.2 91046 -20379.2 198.658
85100 285.124 30265.7 91051.4 -20382.1 196.18
85200 285.449 29701.5 91056.8 -20387.7 196.404
85300 276.398 29678.1 91062.2 -20386.8 190.176
85400 275.369 29234.2 91067.6 -20391.4 189.468
85500 272.934 29000.2 91073 -20395.1 187.793
85600 270.367 28729 91078.4 -20398.6 186.026
85700 264.432 28529.6 91083.7 -20399.9 181.943
85800 259.298 28336.9 91089.1 -20401.6 178.411
85900 255.299 28337.7 91094.5 -20404.2 175.659
86000 251.008 28098.9 91099.9 -20406.5 172.707
86100 250.89 27884 91105.2 -20411.7 172.625
86200 245.644 27436.9 91110.6 -20413.4 169.016
86300 242.719 27098.4 91116 -20416.7 167.003
86400 236.04 27174.9 91121.3 -20417.4 162.407
86500 234.739 26595.9 91126.7 -20421.7 161.512
86600 234.18 26433.4 91132 -20426.6 161.128
86700 227.168 26122 91137.4 -20427.1 156.303
86800 225.945 25887.3 91142.7 -20431.5 155.462
86900 218.226 25902.3 91148.1 -20431.4 150.15
87000 216.335 25546 91153.4 -20435.4 148.85
87100 211.89 25400.3 91158.7 -20437.6 145.792
87200 209.116 25349.2 91164.1 -20441 143.883
87300 205.728 24964.3 91169.4 -20444 141.551
87400 201.841 24877.8 91174.7 -20446.6 138.877
87500 199.009 24622.1 91180 -20449.9 136.929
87600 193.184 24078.9 91185.3 -20451.2 132.921
87700 186.848 24120.3 91190.6 -20452.1 128.561
87800 186.81 23726.6 91195.9 -20457.4 128.535
87900 180.571 23827.2 91201.2 -20458.4 124.242
88000 179.649 23381.2 91206.5 -20463.2 123.608
88100 173.141 23274.1 91211.8 -20464 119.13
88200 171.406 22861.4 91217 -20468.2 117.936
88300 166.594 22828.6 91222.3 -20470.3 114.626
88400 163.852 22443.1 91227.6 -20473.8 112.739
88500 160.373 22369.6 91232.8 -20476.9 110.345
88600 157.01 22044.8 91238.1 -20480.1 108.031
88700 152.267 21758.6 91243.3 -20482.4 104.768
88800 148.738 21616.9 91248.6 -20485.6 102.339
88900 144.666 21415.9 91253.8 -20488.4 99.5376
89000 141.842 20994.1 91259 -20492.2 97.5949
89100 136.506 20869.3 91264.3 -20494.4 93.9235
89200 131.876 20694.8 91269.5 -20497.1 90.7374
89300 125.36 20387.6 91274.7 -20498.7 86.2542
89400 123.597 20190 91279.9 -20503.7 85.041
89500 118.866 19998.3 91285.1 -20506.8 81.7858
89600 112.874 19818.2 91290.3 -20509.4 77.6629
89700 109.293 19344.6 91295.5 -20514.1 75.199
