# Time-averaged data for fix data_saving
# TimeStep c_mytemp c_mypress v_myvol c_PE c_KE
0 2000 16735.8 87825.6 -20791 1376.1
100 1060.1 52454.7 87825.6 -20141.3 729.407
200 1012.26 54131.6 87825.6 -20099.3 696.485
300 997.877 55250.4 87825.6 -20080.2 686.591
400 1009.18 55197.5 87825.6 -20079.3 694.366
500 1011.85 55831.6 87825.7 -20071 696.206
600 1042.67 55245.6 87825.7 -20080.8 717.413
700 1041.59 56377.2 87825.8 -20067.9 716.668
800 1061.74 56344.3 87825.8 -20069.1 730.529
900 1050.21 57852.2 87825.9 -20047.9 722.601
1000 1063.75 57948.2 87826 -20043.6 731.915
1100 1085.08 58134.2 87826.1 -20044.2 746.59
1200 1086.57 59111 87826.2 -20030.7 747.615
1300 1109.97 59184 87826.3 -20031.9 763.715
1400 1111.91 59989.2 87826.4 -20018 765.051
1500 1110.12 61152.7 87826.5 -20001.1 763.818
1600 1138.63 60830.9 87826.7 -20004.8 783.433
1700 1147.56 61710.6 87826.8 -19994.7 789.58
1800 1160.87 62341.9 87827 -19987.4 798.739
1900 1174.9 62731.8 87827.2 -19980.2 808.39
2000 1188.6 63336.4 87827.3 -19972.6 817.817
2100 1192.53 64222.4 87827.5 -19958 820.524
2200 1190.57 65399.1 87827.7 -19939 819.173
2300 1213.4 65865.9 87827.9 -19936.8 834.883
2400 1239.13 65991.9 87828.1 -19936.5 852.584
2500 1244.36 66880.3 87828.4 -19921.7 856.183
2600 1239.85 68338.7 87828.6 -19900.1 853.082
2700 1267.27 68655.4 87828.9 -19900.2 871.95
2800 1296.14 68810.8 87829.1 -19901 891.812
2900 1296.7 69957.1 87829.4 -19882.2 892.196
3000 1318.95 70147.2 87829.7 -19878.2 907.509
3100 1323.6 71324.7 87830 -19861.8 910.706
3200 1318.04 72862.5 87830.3 -19838.3 906.883
3300 1351.78 72769.5 87830.6 -19841.5 930.093
3400 1366.12 73523 87830.9 -19831.3 939.964
3500 1377.71 74083.3 87831.3 -19819.1 947.934
3600 1384.52 75258.9 87831.6 -19803.3 952.62
3700 1389.2 76326.9 87832 -19786.1 955.838
3800 1422.81 76647.8 87832.4 -19788.6 978.967
3900 1430.16 77178.3 87832.7 -19772.8 984.023
4000 1448.08 78053.4 87833.1 -19764.3 996.351
4100 1471.77 78555.7 87833.6 -19759.5 1012.66
4200 1453.07 80394.6 87834 -19725.6 999.786
4300 1465.56 81105 87834.4 -19713.1 1008.38
4400 1493.7 81736.9 87834.9 -19711.1 1027.74
4500 1492.37 82922 87835.3 -19688.9 1026.83
4600 1498.79 83971.6 87835.8 -19672 1031.24
4700 1538.98 83988.4 87836.3 -19678.1 1058.9
4800 1537.57 85216 87836.8 -19655.7 1057.92
4900 1552.38 85837.9 87837.3 -19644.3 1068.12
5000 1610.56 85291.2 87837.8 -19662.8 1108.15
5100 1618.28 86508.1 87838.4 -19646.6 1113.46
5200 1610.76 88304.4 87838.9 -19620 1108.28
5300 1641.43 87927.7 87839.5 -19619.5 1129.39
5400 1634.71 89856.5 87840.1 -19593.4 1124.77
5500 1644.32 90802.3 87840.7 -19578.6 1131.38
5600 1635.59 92292.6 87841.3 -19551.2 1125.37
5700 1673.29 92285.9 87841.9 -19555.9 1151.31
5800 1686.83 92980.2 87842.6 -19543.8 1160.62
5900 1709.64 93374.7 87843.2 -19538.4 1176.32
6000 1739.82 93952.9 87843.9 -19538.1 1197.09
6100 1720.87 95726.6 87844.6 -19504 1184.05
6200 1741.45 96158.9 87845.3 -19497.2 1198.21
6300 1734.95 97596.8 87846 -19472.1 1193.73
6400 1761.57 97971.6 87846.7 -19469.8 1212.05
6500 1779.82 98383.4 87847.5 -19461.9 1224.61
6600 1789.56 99354.2 87848.2 -19448.4 1231.31
6700 1811.86 99640.1 87849 -19443.5 1246.66
6800 1832.62 100533 87849.8 -19438.1 1260.93
6900 1825.62 101584 87850.6 -19413.7 1256.12
7000 1834.37 102483 87851.4 -19400.4 1262.14
7100 1867.69 102389 87852.3 -19404.3 1285.07
7200 1871.12 103450 87853.1 -19387.7 1287.43
7300 1874.79 104115 87854 -19371.6 1289.95
7400 1844.88 106203 87854.9 -19332.4 1269.37
7500 1893.4 105452 87855.8 -19347.7 1302.76
7600 1911.11 106527 87856.7 -19342.1 1314.95
7700 1905.93 107657 87857.7 -19321.2 1311.38
7800 1932.29 107403 87858.6 -19322.2 1329.52
7900 1928.02 108852 87859.6 -19302.6 1326.58
8000 1902.06 110178 87860.6 -19268.5 1308.72
8100 1957.77 109451 87861.6 -19290.9 1347.05
8200 1945.01 110794 87862.6 -19266.4 1338.27
8300 1965.67 111432 87863.7 -19265.3 1352.48
8400 1949.03 112624 87864.7 -19239 1341.03
8500 1961.4 112797 87865.8 -19232.8 1349.54
8600 1971.28 113556 87866.9 -19225.3 1356.34
8700 1942.64 115284 87868 -19191.6 1336.64
8800 1963.27 115382 87869.2 -19192.1 1350.83
8900 1964.97 116300 87870.3 -19180 1352
9000 1959.47 117338 87871.5 -19163.5 1348.22
9100 1939.24 118273 87872.7 -19136.7 1334.3
9200 1946.57 119618 87873.9 -19128.9 1339.34
9300 1939.72 120544 87875.1 -19111.5 1334.63
9400 1960.94 120457 87876.3 -19113.3 1349.23
9500 1931.33 122107 87877.6 -19080 1328.86
9600 1984.4 121426 87878.9 -19103.4 1365.37
9700 1925.5 124143 87880.2 -19049.9 1324.84
9800 1942.25 124497 87881.5 -19048.4 1336.37
9900 1909.12 126411 87882.8 -19012.3 1313.57
10000 1914.89 127209 87884.2 -19002.6 1317.55
10100 1909.11 128563 87885.6 -18984.9 1313.56
10200 1890.02 129414 87887 -18957.5 1300.43
10300 1893.34 130509 87888.4 -18945.1 1302.72
10400 1873.93 132002 87889.8 -18916.9 1289.36
10500 1867.74 133169 87891.3 -18897.3 1285.1
10600 1852.26 134650 87892.8 -18870.9 1274.45
10700 1867.76 135147 87894.3 -18865.3 1285.11
10800 1841.54 136871 87895.8 -18830.9 1267.07
10900 1874.17 136210 87897.4 -18836.7 1289.52
11000 1886.72 137731 87898.9 -18828.6 1298.16
11100 1909.8 137984 87900.5 -18827.8 1314.04
11200 1898.99 139202 87902.1 -18803.7 1306.6
11300 1910.14 139996 87903.8 -18794.9 1314.28
11400 1882.02 141749 87905.4 -18759.2 1294.93
11500 1951.23 140300 87907.1 -18790.8 1342.55
11600 1967.07 140815 87908.8 -18785.7 1353.45
11700 1938.6 142680 87910.5 -18750.8 1333.86
11800 1966 141803 87912.3 -18754.7 1352.71
11900 1972.44 143117 87914 -18744.7 1357.14
12000 1998.67 143071 87915.8 -18748.8 1375.19
12100 2015.65 143035 87917.6 -18747.2 1386.87
12200 2041.53 143179 87919.5 -18752.4 1404.68
12300 2030.5 144014 87921.3 -18732.8 1397.09
12400 2038.3 144047 87923.2 -18727 1402.46
12500 2037.44 144529 87925.1 -18716 1401.86
12600 2051.06 144836 87927 -18715.8 1411.23
12700 2037.08 145726 87929 -18697.5 1401.62
12800 2044.36 145638 87931 -18694.6 1406.62
12900 2051.85 146434 87933 -18692.7 1411.78
13000 2057.41 146687 87935 -18690.3 1415.6
13100 2059.29 145968 87937 -18686.2 1416.9
13200 2080.8 146461 87939.1 -18696.7 1431.7
13300 2079.07 146090 87941.2 -18692.1 1430.51
13400 2074.07 146588 87943.3 -18686.4 1427.07
13500 2091.88 146302 87945.4 -18697.4 1439.32
13600 2078.07 146510 87947.6 -18687.7 1429.82
13700 2063.9 147268 87949.7 -18679 1420.07
13800 2068.68 146698 87952 -18684.3 1423.36
13900 2049.08 146447 87954.2 -18673.8 1409.88
14000 2071.85 145660 87956.4 -18693.5 1425.54
14100 2066.99 145464 87958.7 -18695 1422.2
14200 2052.05 145968 87961 -18690.4 1411.92
14300 2073.67 145335 87963.3 -18711.7 1426.79
14400 2036.06 145357 87965.6 -18693 1400.91
14500 2051.36 144945 87968 -18711.3 1411.44
14600 2041.65 144728 87970.4 -18712.8 1404.76
14700 2022.77 144850 87972.8 -18708.4 1391.77
14800 2010.06 144375 87975.2 -18708.6 1383.03
14900 2042.37 142937 87977.7 -18739.8 1405.26
15000 2007.37 143631 87980.2 -18725 1381.18
15100 2028.12 142410 87982.7 -18748.4 1395.45
15200 2011.91 142037 87985.2 -18746.5 1384.3
15300 1999.37 142589 87987.7 -18746.9 1375.67
15400 1980.18 143008 87990.3 -18742.5 1362.46
15500 2008.99 141471 87992.9 -18770.7 1382.29
15600 1978.99 141622 87995.5 -18758.1 1361.65
15700 1953.93 141863 87998.1 -18748.6 1344.41
15800 1953.76 141294 88000.8 -18755.5 1344.29
15900 1950.66 141448 88003.5 -18759.8 1342.15
16000 1943.45 141381 88006.2 -18760.7 1337.19
16100 1940.85 141119 88008.9 -18764.1 1335.41
16200 1924.85 140793 88011.6 -18757.6 1324.4
16300 1948.14 140312 88014.4 -18777.6 1340.42
16400 1986.88 138716 88017.2 -18807.5 1367.08
16500 1940.58 139437 88020 -18778.2 1335.22
16600 1918.72 140553 88022.8 -18765 1320.18
16700 1959.94 138902 88025.7 -18794.5 1348.54
16800 1987.08 138465 88028.6 -18813.6 1367.21
16900 1931.54 139734 88031.5 -18775.1 1329
17000 1956.42 139492 88034.4 -18791.1 1346.12
17100 1934.71 139930 88037.3 -18774.3 1331.18
17200 1941.55 140113 88040.3 -18776.4 1335.88
17300 1945.5 139987 88043.3 -18775.8 1338.61
17400 1966.44 139373 88046.3 -18786 1353.01
17500 1969.65 139505 88049.3 -18783.5 1355.22
17600 1951.26 140467 88052.4 -18765.6 1342.57
17700 1971.43 140016 88055.5 -18774 1356.45
17800 1961.63 141553 88058.6 -18761.4 1349.7
17900 1976.38 140843 88061.7 -18765.1 1359.85
18000 1977.89 141084 88064.8 -18759.4 1360.89
18100 1986.17 141426 88068 -18758.1 1366.58
18200 1990.22 141840 88071.2 -18753.8 1369.38
18300 2001.14 141533 88074.4 -18754.2 1376.89
18400 1998.1 141837 88077.6 -18745 1374.8
18500 2015.69 141288 88080.9 -18749.8 1386.9
18600 1998.69 142353 88084.1 -18731.1 1375.2
18700 2006.84 143188 88087.4 -18730 1380.81
18800 2017.98 142386 88090.7 -18731.3 1388.47
18900 2014.48 143107 88094.1 -18722.8 1386.07
19000 2031.37 143175 88097.4 -18728.6 1397.69
19100 2029.74 143176 88100.8 -18722 1396.57
19200 2045.21 142640 88104.2 -18727.8 1407.21
19300 2061.97 142656 88107.7 -18735.1 1418.74
19400 2039.76 143328 88111.1 -18716.3 1403.46
19500 2062.01 142664 88114.6 -18728.7 1418.77
19600 2038.03 143431 88118.1 -18710 1402.27
19700 2052.66 143748 88121.6 -18718.5 1412.34
19800 2037.48 143889 88125.2 -18707.3 1401.89
19900 2071.05 142734 88128.7 -18730.2 1424.99
20000 2030.29 143920 88132.3 -18702.5 1396.94
20100 2054.35 143314 88135.9 -18720.1 1413.5
20200 2036.94 143069 88139.5 -18709.7 1401.52
20300 2042.5 143067 88143.2 -18715.7 1405.34
20400 2043.14 142761 88146.9 -18718.8 1405.79
20500 2019.1 143496 88150.6 -18705.4 1389.24
20600 2038.66 143059 88154.3 -18722.6 1402.7
20700 2019.76 142731 88158 -18713.8 1389.7
20800 2010.64 142963 88161.8 -18712.3 1383.42
20900 2027.29 142537 88165.6 -18728.7 1394.88
21000 2031.43 141788 88169.4 -18736.7 1397.73
21100 2003.7 142689 88173.2 -18723 1378.65
21200 2008.48 142189 88177.1 -18731.9 1381.94
21300 1997.52 141104 88180.9 -18730 1374.4
21400 1983.32 142101 88184.8 -18725.8 1364.63
21500 1993.81 140943 88188.8 -18738.7 1371.84
21600 1999.44 141458 88192.7 -18748.3 1375.72
21700 1990.73 140667 88196.7 -18747.9 1369.73
21800 1992.11 140591 88200.6 -18754.4 1370.68
21900 1957.8 140851 88204.6 -18736.2 1347.07
22000 1959.3 140339 88208.7 -18742.4 1348.1
22100 1958.08 140187 88212.7 -18746.5 1347.26
22200 1980.75 139498 88216.8 -18766.8 1362.86
22300 1965.01 139607 88220.9 -18760.2 1352.03
22400 1962.86 139736 88225 -18762.7 1350.55
22500 1943.53 139739 88229.1 -18752.9 1337.25
22600 1946.01 138942 88233.3 -18757.8 1338.96
22700 1967.95 138637 88237.4 -18775.5 1354.05
22800 1949.14 139281 88241.6 -18764.7 1341.11
22900 1958.56 139041 88245.9 -18772.7 1347.59
23000 1953.12 139165 88250.1 -18770 1343.85
23100 1969.88 138448 88254.4 -18781.9 1355.38
23200 1960.93 138587 88258.6 -18775.5 1349.22
23300 1965.86 138398 88262.9 -18778.2 1352.62
23400 1939.04 139003 88267.3 -18758.4 1334.16
23500 1946.35 139007 88271.6 -18761.7 1339.19
23600 1962.11 139439 88276 -18770.4 1350.04
23700 1954.48 139165 88280.4 -18762.5 1344.78
23800 1951.88 139563 88284.8 -18757.5 1343
23900 1940.42 139881 88289.2 -18746 1335.11
24000 1998.43 138592 88293.7 -18781.8 1375.03
24100 1960.74 139809 88298.1 -18751.4 1349.09
24200 1971.42 139167 88302.6 -18754 1356.44
24300 2006.92 138952 88307.1 -18773.7 1380.86
24400 2004.38 138763 88311.7 -18767.2 1379.12
24500 1998.88 139172 88316.2 -18758.6 1375.33
24600 1997.98 139449 88320.8 -18753.2 1374.72
24700 1968.04 141112 88325.4 -18727.9 1354.11
24800 2011.87 140110 88330 -18753.3 1384.27
24900 2002.99 140416 88334.6 -18742.4 1378.16
25000 2010.99 140498 88339.3 -18743.3 1383.67
25100 2006.41 140401 88344 -18735.7 1380.51
25200 2003.2 140503 88348.7 -18729 1378.31
25300 2006.01 140858 88353.4 -18726.7 1380.24
25400 2002.95 140968 88358.1 -18720.7 1378.13
25500 2050.35 140108 88362.9 -18749.5 1410.74
25600 2042.72 139905 88367.7 -18740.9 1405.5
25700 2046.47 139870 88372.5 -18740.6 1408.08
25800 2039.41 140271 88377.3 -18733.3 1403.22
25900 2038.84 140372 88382.2 -18731 1402.83
26000 2022.58 141182 88387 -18718.6 1391.64
26100 2020.61 141528 88391.9 -18716.4 1390.29
26200 2039.8 140051 88396.8 -18729.3 1403.49
26300 2002.5 141442 88401.8 -18704 1377.82
26400 2033 140383 88406.7 -18725.8 1398.81
26500 2048.81 140013 88411.7 -18738 1409.69
26600 2013.17 140806 88416.7 -18715.2 1385.17
26700 2046.9 140132 88421.7 -18740.6 1408.37
26800 2016.34 140398 88426.7 -18722.4 1387.35
26900 2034.14 139789 88431.8 -18737.7 1399.59
27000 2038.24 139066 88436.8 -18744.1 1402.41
27100 2034.29 139987 88441.9 -18745.2 1399.7
27200 2000.07 140450 88447 -18725.7 1376.15
27300 2012.98 139662 88452.2 -18738.9 1385.04
27400 1996.29 139844 88457.3 -18731.9 1373.55
27500 2016.54 138901 88462.5 -18750.3 1387.48
27600 1981.35 139851 88467.7 -18730.7 1363.27
27700 1986.31 139494 88472.9 -18738.7 1366.69
27800 2005.14 138210 88478.1 -18756.2 1379.64
27900 1988.67 138863 88483.4 -18749.3 1368.31
28000 1989.51 138002 88488.7 -18754.2 1368.88
28100 1986.09 137976 88494 -18756.2 1366.53
28200 2008.56 137268 88499.3 -18775.8 1381.99
28300 1987.47 137419 88504.6 -18765.4 1367.48
28400 1965.6 137976 88510 -18754.4 1352.44
28500 2022.46 135952 88515.3 -18797.3 1391.55
28600 2010.28 135905 88520.7 -18792.5 1383.18
28700 1975.22 137035 88526.1 -18771.8 1359.06
28800 1976.27 136732 88531.6 -18775.6 1359.78
28900 2003.87 135801 88537 -18797.5 1378.77
29000 2000.08 136268 88542.5 -18797.5 1376.16
29100 1988.15 136072 88548 -18791.7 1367.95
29200 1969.36 136339 88553.5 -18780.7 1355.02
29300 1980.06 135819 88559 -18789.7 1362.39
29400 1986.23 135431 88564.5 -18795.3 1366.63
29500 1965.42 136255 88570.1 -18782 1352.31
29600 1945.72 136063 88575.7 -18769.2 1338.76
29700 1952.13 136377 88581.3 -18773.7 1343.16
29800 1948.58 136063 88586.9 -18770.9 1340.73
29900 1977.14 135255 88592.5 -18789.8 1360.37
30000 1956.56 136261 88598.2 -18774.4 1346.21
30100 1973.5 135384 88603.8 -18784.5 1357.87
30200 1969.12 135938 88609.5 -18779.5 1354.86
30300 1975.91 135346 88615.2 -18781.9 1359.53
30400 1996.63 135338 88620.9 -18793.4 1373.78
30500 1970.19 136030 88626.7 -18772.1 1355.59
30600 1991.27 135425 88632.5 -18783.3 1370.1
30700 2009.93 135813 88638.2 -18792.6 1382.94
30800 1978.5 136653 88644 -18767.3 1361.31
30900 1995.9 135600 88649.8 -18775.5 1373.28
31000 2003.68 136233 88655.7 -18777 1378.63
31100 1972.85 136785 88661.5 -18751.9 1357.42
31200 2001.75 136774 88667.4 -18767.7 1377.31
31300 1978.05 136868 88673.3 -18747.2 1361
31400 2013.97 136653 88679.2 -18767.6 1385.72
31500 2020.18 136691 88685.1 -18767.6 1389.99
31600 2008.19 137048 88691.1 -18755 1381.74
31700 2027.18 135999 88697 -18763.8 1394.81
31800 2014.19 136541 88703 -18750.9 1385.87
31900 2019.39 137204 88709 -18750.6 1389.44
32000 2037.15 136964 88715 -18759.3 1401.66
32100 2032.65 136856 88721 -18753 1398.57
32200 2019.03 137503 88727.1 -18740.9 1389.2
32300 2019.36 137433 88733.1 -18738.7 1389.42
32400 2034.03 137475 88739.2 -18746.7 1399.52
32500 2012.33 137475 88745.3 -18730 1384.59
32600 2061.75 136509 88751.4 -18762.7 1418.59
32700 2040.49 137167 88757.6 -18747.4 1403.96
32800 2030.42 137335 88763.7 -18740.2 1397.04
32900 2005.62 137540 88769.9 -18723.3 1379.97
33000 2030.94 136731 88776.1 -18741.3 1397.39
33100 2038.76 136270 88782.3 -18747.9 1402.77
33200 2018.31 137188 88788.5 -18735.5 1388.7
33300 2042.4 136538 88794.7 -18754.2 1405.28
33400 2034.03 136786 88801 -18750.8 1399.52
33500 2026.56 136599 88807.2 -18748.6 1394.38
33600 2021.66 136134 88813.5 -18748.4 1391.01
33700 1982.98 136811 88819.8 -18725.2 1364.39
33800 1996.93 137328 88826.1 -18738.4 1373.99
33900 2030.89 135787 88832.5 -18765.4 1397.36
34000 2039.79 135140 88838.8 -18775.5 1403.48
34100 2042.34 134154 88845.2 -18781.4 1405.24
34200 2007.76 134823 88851.6 -18762.1 1381.44
34300 2030.49 134772 88858 -18782.4 1397.08
34400 2002.95 134756 88864.4 -18768.2 1378.13
34500 1956.11 136150 88870.8 -18740.6 1345.91
34600 2024.19 134585 88877.3 -18791.8 1392.75
34700 1969.18 135245 88883.7 -18758.3 1354.9
34800 1983.03 134228 88890.2 -18771.9 1364.43
34900 1980.19 134343 88896.7 -18773.8 1362.47
35000 1974.87 134169 88903.2 -18773.8 1358.81
35100 2009.74 133091 88909.7 -18801.1 1382.81
35200 1976.69 133655 88916.3 -18781.5 1360.07
35300 1965.86 133182 88922.8 -18777 1352.62
35400 1962.85 133628 88929.4 -18777.5 1350.54
35500 1975.42 132980 88936 -18788.3 1359.19
35600 1978.58 132770 88942.5 -18792.2 1361.37
35700 1954.85 133034 88949.2 -18777 1345.04
35800 1987.97 131895 88955.8 -18800.5 1367.83
35900 1937.92 134079 88962.4 -18766.3 1333.39
36000 1982.89 132840 88969.1 -18796.8 1364.33
36100 1962.9 132865 88975.7 -18782.2 1350.58
36200 1960.55 132903 88982.4 -18779.4 1348.96
36300 1965.93 132874 88989.1 -18781.4 1352.66
36400 1963.69 132868 88995.8 -18777.6 1351.12
36500 1955.51 133397 89002.5 -18769.3 1345.49
36600 1984.01 132847 89009.3 -18785.9 1365.1
36700 1997.19 132532 89016 -18791.7 1374.17
36800 1999.92 132446 89022.8 -18790.2 1376.05
36900 1982.62 133576 89029.6 -18774.6 1364.15
37000 1994.77 132639 89036.4 -18779.3 1372.51
37100 1975.48 133897 89043.2 -18762.5 1359.24
37200 2013.41 132815 89050 -18784.9 1385.33
37300 1996.95 133395 89056.8 -18770 1374
37400 1986.68 134277 89063.7 -18759.1 1366.94
37500 2011.21 133589 89070.5 -18772.2 1383.81
37600 1975.95 134293 89077.4 -18744.2 1359.56
37700 1980.95 134177 89084.3 -18744 1362.99
37800 2020.9 132594 89091.2 -18767.8 1390.49
37900 2000.36 134085 89098.1 -18750.3 1376.35
38000 2035.57 132827 89105 -18771.4 1400.58
38100 2028.94 133538 89111.9 -18764 1396.02
38200 2007.68 134342 89118.9 -18747 1381.39
38300 2030.18 133483 89125.8 -18760.3 1396.87
38400 2037.58 132891 89132.8 -18763.4 1401.96
38500 2038.53 133152 89139.8 -18762.5 1402.61
38600 2053.25 132804 89146.8 -18771.4 1412.74
38700 2028.11 133345 89153.8 -18753.5 1395.44
38800 2041.72 133168 89160.8 -18762.9 1404.81
38900 2024.76 133535 89167.8 -18751.9 1393.14
39000 2014.64 133696 89174.9 -18745.9 1386.18
39100 2022.68 133167 89181.9 -18752.7 1391.71
39200 2021.43 133355 89189 -18753.4 1390.85
39300 2019.71 133580 89196.1 -18754.2 1389.66
39400 2037.04 132626 89203.2 -18768.5 1401.59
39500 2056.24 131850 89210.3 -18784.4 1414.8
39600 2049.73 132228 89217.4 -18782.9 1410.32
39700 2021.46 132137 89224.5 -18766.8 1390.87
39800 2007.52 132601 89231.6 -18760.8 1381.28
39900 1995.89 132703 89238.8 -18756.6 1373.28
40000 2014.12 131800 89245.9 -18773.2 1385.82
40100 2000.78 131896 89245.9 -18764.1 1376.64
40200 2005.4 131628 89246 -18767.8 1379.82
40300 2009.11 131967 89246 -18771.1 1382.37
40400 2007.81 132046 89246.1 -18771.3 1381.47
40500 1991.15 132080 89246.2 -18761.3 1370.01
40600 2013.01 131225 89246.3 -18778.3 1385.06
40700 1982.53 132072 89246.5 -18759.8 1364.08
40800 2026.5 130890 89246.6 -18792.9 1394.34
40900 2019.11 130488 89246.8 -18791.4 1389.25
41000 1993.21 131602 89247 -18778 1371.43
41100 2004.77 130914 89247.2 -18791 1379.39
41200 1982.7 131508 89247.5 -18781.2 1364.2
41300 2004.45 130786 89247.7 -18801.4 1379.16
41400 1963.54 132137 89248 -18778.2 1351.02
41500 1988.62 130655 89248.3 -18799.6 1368.27
41600 1979.86 130232 89248.7 -18797.1 1362.24
41700 1991.25 129912 89249 -18807.9 1370.08
41800 1965.05 130615 89249.4 -18792.8 1352.06
41900 1962.73 130035 89249.8 -18793.8 1350.46
42000 1969.62 130622 89250.2 -18801.3 1355.2
42100 1941.92 130705 89250.6 -18785 1336.14
42200 1942.22 130049 89251.1 -18788.2 1336.35
42300 1949.77 130300 89251.6 -18796.7 1341.54
42400 1953.21 129825 89252.1 -18802.6 1343.91
42500 1954.11 129475 89252.6 -18807.2 1344.53
42600 1940.83 129736 89253.1 -18802.3 1335.39
42700 1952.36 129346 89253.7 -18814.9 1343.33
42800 1914.17 129334 89254.3 -18793.2 1317.05
42900 1931.34 129139 89254.9 -18809.8 1328.86
43000 1913.28 129520 89255.5 -18802.4 1316.44
43100 1916.7 129395 89256.2 -18809.8 1318.79
43200 1936.84 128185 89256.8 -18828.9 1332.64
43300 1933.78 127955 89257.5 -18832.2 1330.54
43400 1910.9 128413 89258.2 -18821.7 1314.8
43500 1899.99 128713 89259 -18819.4 1307.29
43600 1919.07 127491 89259.7 -18837.7 1320.42
43700 1886.97 128589 89260.5 -18820.6 1298.33
43800 1890.04 127725 89261.3 -18827.7 1300.45
43900 1905.15 127296 89262.1 -18843.3 1310.84
44000 1877.62 128066 89262.9 -18829.6 1291.9
44100 1882.8 127154 89263.8 -18838.5 1295.46
44200 1889.54 126244 89264.7 -18848.4 1300.1
44300 1892.88 126414 89265.6 -18856 1302.4
44400 1885.21 126498 89266.5 -18856 1297.13
44500 1880.67 126276 89267.4 -18858.2 1294
44600 1891.15 125414 89268.4 -18871 1301.21
44700 1894.86 124802 89269.4 -18879.2 1303.76
44800 1839.12 126677 89270.4 -18846.7 1265.41
44900 1859.3 125249 89271.4 -18866.5 1279.3
45000 1850.32 125514 89272.4 -18866.1 1273.11
45100 1865.42 124624 89273.5 -18882.4 1283.5
45200 1822.13 125653 89274.6 -18858.3 1253.72
45300 1860.46 124571 89275.7 -18890.5 1280.1
45400 1827.25 124984 89276.8 -18873.4 1257.24
45500 1828.82 124825 89277.9 -18880.4 1258.32
45600 1855.56 123545 89279.1 -18904.7 1276.72
45700 1846.77 122938 89280.3 -18904.7 1270.68
45800 1817.12 123838 89281.5 -18890.5 1250.27
45900 1829.79 123122 89282.7 -18905.3 1258.99
46000 1813.13 123193 89284 -18899.9 1247.53
46100 1825.01 122683 89285.2 -18914.1 1255.7
46200 1794.01 123294 89286.5 -18898.8 1234.37
46300 1816.5 122752 89287.8 -18920.2 1249.85
46400 1800.81 122559 89289.1 -18915.3 1239.05
46500 1783.58 122499 89290.5 -18909.4 1227.19
46600 1801.24 121938 89291.8 -18927.7 1239.34
46700 1783.98 121747 89293.2 -18922 1227.47
46800 1797.34 121170 89294.6 -18937.4 1236.66
46900 1781.95 121482 89296 -18933 1226.07
47000 1758.75 121471 89297.5 -18923.3 1210.11
47100 1768.15 120702 89298.9 -18935.7 1216.58
47200 1797.57 119465 89300.4 -18961.9 1236.82
47300 1768.59 120031 89301.9 -18948.2 1216.88
47400 1766.82 119462 89303.4 -18953.2 1215.66
47500 1769.57 119667 89305 -18961.4 1217.55
47600 1766.44 119408 89306.5 -18965.5 1215.4
47700 1760.43 119051 89308.1 -18967.6 1211.27
47800 1724.88 119224 89309.7 -18949.2 1186.81
47900 1751.11 118569 89311.3 -18973.4 1204.85
48000 1736.12 118173 89313 -18969.3 1194.54
48100 1727.04 118680 89314.6 -18969.3 1188.29
48200 1717.04 118107 89316.3 -18968.7 1181.41
48300 1716.27 118266 89318 -18974.6 1180.88
48400 1722.39 118188 89319.7 -18985.2 1185.1
48500 1690.41 118090 89321.4 -18969.3 1163.09
48600 1693.38 117482 89323.2 -18977.3 1165.13
48700 1728.87 116284 89325 -19007.8 1189.55
48800 1687.94 117097 89326.8 -18985.6 1161.39
48900 1708.47 116517 89328.6 -19005.8 1175.52
49000 1695.43 116403 89330.4 -19003.1 1166.55
49100 1660.7 116777 89332.2 -18985.3 1142.65
49200 1682.97 115858 89334.1 -19006.7 1157.97
49300 1687.86 115658 89336 -19016.2 1161.33
49400 1658.42 115863 89337.9 -19002 1141.08
49500 1669.58 115352 89339.8 -19015.6 1148.76
49600 1661.14 114901 89341.8 -19015.8 1142.95
49700 1637.63 115945 89343.7 -19005.5 1126.77
49800 1640.25 115109 89345.7 -19013.2 1128.58
49900 1656.84 114535 89347.7 -19030.5 1139.99
50000 1662.22 113983 89349.7 -19040.1 1143.69
50100 1652.53 114388 89351.8 -19039.4 1137.03
50200 1619.74 114812 89353.8 -19022.8 1114.46
50300 1660.56 113011 89355.9 -19056.7 1142.55
50400 1635.34 113495 89358 -19045.2 1125.2
50500 1630.08 112719 89360.1 -19047.4 1121.58
50600 1634.22 112401 89362.2 -19056.1 1124.43
50700 1620.5 112615 89364.4 -19052.5 1114.99
50800 1608.46 112014 89366.5 -19050.1 1106.71
50900 1631.98 111815 89368.7 -19072.3 1122.89
51000 1622.24 111619 89370.9 -19071.7 1116.19
51100 1562.91 113201 89373.1 -19036.9 1075.36
51200 1598.74 111814 89375.4 -19067.4 1100.02
51300 1593.18 111200 89377.6 -19069.4 1096.19
51400 1584.92 111077 89379.9 -19069.5 1090.51
51500 1567.19 111296 89382.2 -19063.1 1078.31
51600 1592.64 110082 89384.5 -19086.6 1095.82
51700 1584.39 110145 89386.8 -19087 1090.14
51800 1573.84 109760 89389.2 -19085.8 1082.89
51900 1581.02 109908 89391.5 -19096.8 1087.83
52000 1566.15 110080 89393.9 -19092.6 1077.59
52100 1562.61 109235 89396.3 -19096.1 1075.16
52200 1549.85 109434 89398.7 -19093.2 1066.38
52300 1563.39 108924 89401.2 -19108.3 1075.69
52400 1567.35 108907 89403.6 -19116.9 1078.42
52500 1556.24 108330 89406.1 -19115 1070.78
52600 1527.88 108335 89408.6 -19101.2 1051.26
52700 1535.6 108314 89411.1 -19112.2 1056.57
52800 1546.68 107989 89413.6 -19125.6 1064.19
52900 1550.75 107345 89416.1 -19134.3 1067
53000 1524.79 107458 89418.7 -19122.5 1049.14
53100 1519.98 107014 89421.3 -19125.1 1045.82
53200 1533 106687 89423.9 -19140 1054.79
53300 1518.57 107153 89426.5 -19136 1044.86
53400 1521.43 106321 89429.1 -19143.8 1046.82
53500 1513.57 106181 89431.8 -19144.2 1041.42
53600 1511.52 106517 89434.4 -19148.6 1040
53700 1509.63 105636 89437.1 -19153 1038.7
53800 1487.81 106048 89439.8 -19143.9 1023.69
53900 1494.34 105277 89442.5 -19154.3 1028.18
54000 1482.51 105223 89445.2 -19152 1020.04
54100 1484.75 105438 89448 -19159.5 1021.58
54200 1466.33 105235 89450.7 -19152.6 1008.91
54300 1481.89 104422 89453.5 -19169.1 1019.62
54400 1470.28 104353 89456.3 -19167 1011.63
54500 1473.84 104043 89459.1 -19175.3 1014.08
54600 1477.27 103658 89462 -19183.6 1016.44
54700 1448.87 104313 89464.8 -19170 996.898
54800 1479.24 102488 89467.7 -19196.9 1017.8
54900 1462.86 102939 89470.6 -19191.7 1006.52
55000 1472.31 102293 89473.5 -19204.2 1013.02
55100 1441.36 102789 89476.4 -19189 991.728
55200 1442.85 102380 89479.3 -19196.2 992.753
55300 1450.95 102200 89482.3 -19207.9 998.332
55400 1433.24 102035 89485.2 -19201.7 986.144
55500 1423.57 101784 89488.2 -19201 979.488
55600 1426.54 102201 89491.2 -19209 981.532
55700 1424.07 101183 89494.2 -19213.3 979.836
55800 1423.18 100788 89497.3 -19218.6 979.222
55900 1396.96 100987 89500.3 -19206.5 961.18
56000 1409.36 100487 89503.4 -19220.9 969.71
56100 1428.41 99795.3 89506.5 -19239.8 982.822
56200 1406.43 100058 89509.6 -19230.5 967.698
56300 1376.65 100876 89512.7 -19215.8 947.209
56400 1387.03 100035 89515.8 -19228.8 954.346
56500 1363.48 100452 89518.9 -19218.3 938.147
56600 1384.34 99205.4 89522.1 -19238.4 952.499
56700 1360.61 99695 89525.3 -19227.8 936.169
56800 1380.39 99322.8 89528.5 -19247.1 949.782
56900 1347.34 99059.6 89531.7 -19229.9 927.04
57000 1365.97 98813.5 89534.9 -19248.3 939.858
57100 1366.07 98575 89538.1 -19253.9 939.93
57200 1370.09 97696.8 89541.4 -19262.3 942.694
57300 1357.13 97320.3 89544.7 -19259.2 933.778
57400 1358.87 97294.4 89548 -19266.4 934.973
57500 1339.95 97522.1 89551.3 -19259.4 921.956
57600 1345.54 96668.7 89554.6 -19269.3 925.803
57700 1343.76 96540.4 89557.9 -19274.2 924.574
57800 1325.57 96447.4 89561.3 -19267.7 912.062
57900 1325.63 96408.3 89564.6 -19273.8 912.105
58000 1330.27 96034.4 89568 -19282.9 915.296
58100 1312.86 96427.4 89571.4 -19276.8 903.313
58200 1343.61 95233.9 89574.8 -19303.8 924.475
58300 1319.16 95116.2 89578.2 -19292.9 907.648
58400 1311.24 95113.9 89581.7 -19293.4 902.2
58500 1305.31 94512.5 89585.1 -19295.3 898.118
58600 1318.16 93670.2 89588.6 -19310.2 906.963
58700 1293.67 94326.2 89592.1 -19299.3 890.113
58800 1313.82 93733.9 89595.6 -19319.1 903.974
58900 1297.52 93932.5 89599.1 -19313.8 892.761
59000 1288.13 93943.7 89602.6 -19313.2 886.302
59100 1305.14 92824.1 89606.2 -19330.8 898.005
59200 1304.19 91937.7 89609.7 -19336.3 897.349
59300 1284.62 92211.9 89613.3 -19328.9 883.887
59400 1277.58 92640.4 89616.9 -19330.2 879.04
59500 1270.75 92376.3 89620.5 -19331.6 874.345
59600 1268.5 91698.1 89624.1 -19336 872.794
59700 1243.85 92640.9 89627.7 -19324.9 855.831
59800 1278.06 90742.4 89631.4 -19354.2 879.368
59900 1260.66 90865.7 89635 -19348.3 867.398
60000 1260.03 90293.5 89638.7 -19353.9 866.963
60100 1258.64 89853.8 89642.4 -19359.1 866.006
60200 1257.03 89988.2 89646.1 -19364.3 864.901
60300 1235.84 90134.8 89649.8 -19355.8 850.321
60400 1237.37 89656.2 89653.6 -19363 851.375
60500 1232.81 89262.4 89657.3 -19365.9 848.235
60600 1225.14 89263.6 89661.1 -19366.7 842.96
60700 1239.73 88126.4 89664.8 -19382.7 852.998
60800 1225.24 88714.1 89668.6 -19378.8 843.03
60900 1221.52 88153.5 89672.4 -19382.3 840.468
61000 1204.19 88418.3 89676.2 -19376.4 828.544
61100 1202.31 88390.1 89680.1 -19381 827.255
61200 1206.93 87499.7 89683.9 -19390.1 830.433
61300 1182.24 87900.6 89687.8 -19379.1 813.442
61400 1192.23 87292.4 89691.6 -19392 820.313
61500 1188.15 87306.5 89695.5 -19395.2 817.507
61600 1192.73 86852 89699.4 -19404.3 820.659
61700 1188.58 86661.2 89703.3 -19407.4 817.808
61800 1183.28 86277.7 89707.2 -19409.8 814.155
61900 1183.99 85509.1 89711.2 -19416.2 814.649
62000 1182.28 85636.4 89715.1 -19421.1 813.471
62100 1175.52 85174.3 89719.1 -19422.5 808.818
62200 1161.67 85699.6 89723.1 -19419.1 799.292
62300 1162.85 85331.1 89727.1 -19426 800.099
62400 1166.83 84708.4 89731.1 -19434.8 802.838
62500 1155.57 84676.8 89735.1 -19433.2 795.091
62600 1142.28 84702.2 89739.1 -19430.1 785.948
62700 1141.56 84155.5 89743.1 -19435.7 785.449
62800 1144.19 83703 89747.2 -19443.5 787.261
62900 1111.45 84087.9 89751.3 -19427 764.732
63000 1128.53 83663.6 89755.3 -19444.6 776.49
63100 1130.39 82848 89759.4 -19451.7 777.766
63200 1135.62 82516 89763.5 -19461.1 781.366
63300 1112.06 82314.8 89767.6 -19450.9 765.156
63400 1102.05 82506.3 89771.8 -19450 758.266
63500 1095.53 82363.9 89775.9 -19451.4 753.781
63600 1103.5 81851.6 89780.1 -19462.7 759.268
63700 1098.55 81908.8 89784.2 -19465.2 755.857
63800 1112.02 81002.1 89788.4 -19480.3 765.124
63900 1097.79 80833.4 89792.6 -19476.5 755.335
64000 1102.49 79970.3 89796.8 -19485.8 758.572
64100 1090.2 80594.1 89801 -19483.5 750.114
64200 1078.68 80621.7 89805.2 -19481.7 742.187
64300 1088.79 79417.8 89809.5 -19494.7 749.142
64400 1074.61 79736.1 89813.7 -19490.9 739.385
64500 1074.84 79438.7 89818 -19497.1 739.544
64600 1067.64 78957 89822.2 -19498.1 734.589
64700 1074.73 78149.2 89826.5 -19509 739.473
64800 1063.43 78367.7 89830.8 -19507.2 731.693
64900 1066.22 78276.3 89835.1 -19515 733.613
65000 1049.95 78277.3 89839.4 -19509.8 722.418
65100 1054.72 77701.7 89843.8 -19519 725.699
65200 1041.22 77768.9 89848.1 -19515.7 716.412
65300 1037.11 77162.6 89852.5 -19518.7 713.587
65400 1040.64 77012.8 89856.8 -19527 716.013
65500 1036.53 76542 89861.2 -19530.1 713.186
65600 1029.6 76552.5 89865.6 -19531.2 708.419
65700 1028.29 76410.7 89870 -19536.3 707.518
65800 1023.94 75866.2 89874.4 -19539.3 704.524
65900 1015.78 75749.2 89878.8 -19539.6 698.908
66000 1017.21 75639.8 89883.2 -19546.6 699.893
66100 1011.12 75177.2 89887.7 -19548.3 695.705
66200 1002.68 75182.1 89892.1 -19548.5 689.894
66300 1003.67 75036 89896.6 -19555.1 690.575
66400 982.419 75052.6 89901 -19546.4 675.955
66500 986.585 74402.1 89905.5 -19555.1 678.821
66600 1001.62 73438.6 89910 -19571.4 689.163
66700 987.37 73832.9 89914.5 -19567.5 679.362
66800 984.951 73251.6 89919 -19571.7 677.697
66900 976.419 72932.8 89923.5 -19571.8 671.827
67000 985.962 72597 89928.1 -19584.4 678.393
67100 980.059 72526.9 89932.6 -19586.4 674.331
67200 976.128 72239.4 89937.2 -19589.9 671.627
67300 977.266 71746.5 89941.7 -19596.8 672.41
67400 958.852 71623.7 89946.3 -19590.2 659.74
67500 971.563 70944.7 89950.9 -19605 668.485
67600 963.545 70759.2 89955.5 -19605.6 662.969
67700 960.903 70511.3 89960.1 -19609.8 661.151
67800 955.442 70300 89964.7 -19612.2 657.394
67900 953.092 69923.9 89969.3 -19616.6 655.776
68000 956.534 69458.5 89973.9 -19625.1 658.145
68100 933.923 69540.8 89978.6 -19615.7 642.588
68200 944.36 69050.4 89983.2 -19629.1 649.768
68300 948.681 68380.3 89987.9 -19638.3 652.742
68400 924.546 68444.2 89992.5 -19627.8 636.135
68500 910.83 68599.2 89997.2 -19624.5 626.698
68600 925.843 68018.6 90001.9 -19640.8 637.028
68700 918.88 67977.5 90006.6 -19642.1 632.237
68800 917.012 67438.7 90011.3 -19646.9 630.952
68900 913.382 66919.6 90016 -19650.4 628.454
69000 903.186 67091.5 90020.7 -19649.5 621.439
69100 909.651 66741 90025.5 -19659.9 625.887
69200 899.98 66357 90030.2 -19659.3 619.232
69300 896.268 66260.2 90034.9 -19662.9 616.678
69400 883.176 66287.8 90039.7 -19659.9 607.671
69500 880.377 65770.2 90044.4 -19664 605.745
69600 893.752 64771.7 90049.2 -19679.3 614.948
69700 870.758 65023.8 90054 -19669.6 599.127
69800 875.656 64950.4 90058.8 -19679.2 602.497
69900 874.318 64304.7 90063.6 -19684.5 601.576
70000 873.415 64173 90068.4 -19690.1 600.954
70100 870.49 63803.3 90073.2 -19694.3 598.942
70200 853.816 63953 90078 -19689.1 587.469
70300 850.202 63561.8 90082.8 -19692.7 584.983
70400 852.709 62845.7 90087.7 -19700.6 586.708
70500 861.273 62256 90092.5 -19712.6 592.6
70600 850.504 62467.9 90097.3 -19711.4 585.191
70700 839.881 62600.6 90102.2 -19710.3 577.882
70800 840.83 61636.2 90107.1 -19717.1 578.535
70900 831.293 61908.8 90111.9 -19716.7 571.973
71000 829.134 61461.4 90116.8 -19721.3 570.487
71100 819.038 61391.5 90121.7 -19720.5 563.541
71200 830.25 60453.5 90126.6 -19734.3 571.255
71300 820.852 60591.3 90131.5 -19733.9 564.789
71400 802.907 61056.1 90136.4 -19727.8 552.442
71500 808.154 60230.3 90141.3 -19737.5 556.052
71600 801.308 60104.4 90146.2 -19738.9 551.342
71700 805.789 59213.9 90151.1 -19748.1 554.424
71800 789.908 59737.4 90156.1 -19743.3 543.497
71900 792.398 59029.4 90161 -19751 545.211
72000 788.138 58448.6 90166 -19754.1 542.28
72100 776.535 58996.7 90170.9 -19752.1 534.296
72200 779.309 58204 90175.9 -19760.1 536.205
72300 782.396 57469.7 90180.8 -19768.3 538.329
72400 766.104 57709.1 90185.8 -19763.3 527.119
72500 758.961 57590.6 90190.8 -19764.4 522.204
72600 763.222 57257.4 90195.8 -19773.4 525.136
72700 751.782 57101.5 90200.8 -19771.6 517.265
72800 771.183 55872.7 90205.7 -19791 530.614
72900 752.413 55824.9 90210.7 -19784.1 517.699
73000 745.107 55696.8 90215.8 -19785.2 512.672
73100 754.327 55287.6 90220.8 -19797.6 519.016
73200 748.679 54956.8 90225.8 -19799.8 515.13
73300 729.476 55397.7 90230.8 -19792.6 501.917
73400 745.686 54532.7 90235.8 -19809.8 513.071
73500 727.962 54378.3 90240.9 -19803.8 500.876
73600 736.818 53596.6 90245.9 -19816 506.969
73700 726.521 53750.7 90250.9 -19815.1 499.884
73800 711.032 54143.2 90256 -19810.5 489.226
73900 712.994 53299.5 90261 -19817.9 490.577
74000 717.118 52671 90266.1 -19826.8 493.415
74100 697.784 53075.6 90271.2 -19819.6 480.112
74200 697.933 52458.7 90276.2 -19825.7 480.214
74300 699.422 52707.2 90281.3 -19832.8 481.239
74400 702.118 52006.3 90286.4 -19840.8 483.093
74500 694.037 51514.2 90291.5 -19841.3 477.534
74600 693.833 51147 90296.6 -19847.3 477.393
74700 683.836 51085.5 90301.6 -19846.6 470.515
74800 684.983 50445.9 90306.7 -19853.5 471.304
74900 678.428 50291.6 90311.8 -19855.1 466.793
75000 664.404 50547.6 90316.9 -19851.6 457.144
75100 664.452 49932.1 90322.1 -19857.7 457.177
75200 667.723 49746.3 90327.2 -19866.1 459.428
75300 666.573 48940.6 90332.3 -19871.3 458.637
75400 659.891 48820.5 90337.4 -19872.7 454.039
75500 652.428 48632.5 90342.5 -19873.7 448.904
75600 656.354 48129.8 90347.6 -19882.5 451.606
75700 651.358 47754.4 90352.8 -19885.2 448.168
75800 649.034 47421.1 90357.9 -19889.7 446.569
75900 639.57 47468.1 90363 -19889.2 440.057
76000 633.175 47327.4 90368.2 -19890.9 435.657
76100 634.455 46711.3 90373.3 -19897.7 436.538
76200 620.847 46677.7 90378.5 -19894.5 427.175
76300 616.173 46555.2 90383.6 -19897.3 423.959
76400 609.226 46105.3 90388.8 -19898.5 419.179
76500 608.921 46127.3 90393.9 -19904.3 418.969
76600 616.166 45478.4 90399.1 -19915.3 423.954
76700 609.123 45254.2 90404.3 -19916.5 419.108
76800 611.3 44598.6 90409.4 -19924 420.606
76900 606.554 44509.4 90414.6 -19926.8 417.34
77000 606.031 44135.7 90419.8 -19932.6 416.981
77100 595.724 43975.9 90424.9 -19931.5 409.889
77200 595.305 43561.4 90430.1 -19937.3 409.601
77300 588.565 43487.6 90435.3 -19938.8 404.963
77400 582.464 43248.9 90440.5 -19940.6 400.766
77500 575.011 43133.9 90445.6 -19941.6 395.637
77600 577.263 42611.3 90450.8 -19949.2 397.187
77700 576.363 42009.8 90456 -19954.6 396.568
77800 566.844 42477.1 90461.2 -19954 390.018
77900 560.385 42282.3 90466.4 -19955.6 385.574
78000 561.562 41300.1 90471.6 -19962.4 386.383
78100 553.778 41130.2 90476.8 -19963.1 381.028
78200 542.706 41250.8 90482 -19961.5 373.41
78300 555.013 40401.2 90487.1 -19975.9 381.878
78400 552.309 40053.9 90492.3 -19979.9 380.017
78500 546.815 40194.9 90497.5 -19982.1 376.237
78600 535.012 39976.1 90502.7 -19979.9 368.116
78700 530.478 39804.7 90507.9 -19982.7 364.996
78800 532.36 39033.4 90513.1 -19989.9 366.291
78900 525.573 39076.5 90518.3 -19991.1 361.621
79000 517.766 38654.2 90523.6 -19991.7 356.25
79100 516.527 38264 90528.8 -19996.7 355.397
79200 520.664 38286.9 90534 -20005.5 358.244
79300 512.692 37896.3 90539.2 -20005.9 352.759
79400 502.035 37869.2 90544.4 -20004.4 345.426
79500 502.544 37111.4 90549.6 -20010.6 345.777
79600 495.027 37152.1 90554.8 -20011.3 340.604
79700 491.945 36941.1 90560 -20015 338.483
79800 488.98 36466.9 90565.2 -20018.8 336.444
79900 481.31 36400.9 90570.4 -20019.3 331.166
80000 482.993 36230 90575.6 -20026.3 332.324
80100 475.84 35804.2 90580.8 -20027.2 327.402
80200 480.044 35543.9 90586 -20035.8 330.295
80300 473.528 35338 90591.3 -20037.1 325.812
80400 468.205 34820.9 90596.5 -20039.2 322.149
80500 460.28 35121.3 90601.7 -20039.6 316.697
80600 454.82 34723.2 90606.9 -20041.6 312.94
80700 452.155 34327 90612.1 -20045.6 311.106
80800 447.184 34174.1 90617.3 -20047.9 307.685
80900 451.336 33842.9 90622.5 -20056.5 310.543
81000 443.715 33409.5 90627.7 -20056.9 305.299
81100 434.537 33404 90632.9 -20056.4 298.984
81200 436.019 33080.4 90638.1 -20063.1 300.004
81300 428.407 32750.7 90643.3 -20063.6 294.766
81400 428.709 32479.8 90648.6 -20069.5 294.974
81500 419.771 32069.2 90653.8 -20069.1 288.824
81600 422.442 31638.2 90659 -20076.6 290.662
81700 412.143 31840.8 90664.2 -20075.2 283.576
81800 416.748 31131.8 90669.4 -20084.1 286.744
81900 408.117 31130.3 90674.6 -20083.9 280.806
82000 412.354 30491.3 90679.8 -20092.5 283.721
82100 402.608 30327.3 90685 -20091.4 277.015
82200 398.308 30308.6 90690.2 -20094.1 274.056
82300 394.998 30040 90695.4 -20097.5 271.779
82400 387.279 30030.5 90700.6 -20097.8 266.468
82500 386.342 29478.3 90705.7 -20102.8 265.823
82600 381.786 29418.1 90710.9 -20105.4 262.689
82700 377.079 29147.4 90716.1 -20107.7 259.45
82800 378.655 28918.3 90721.3 -20114.4 260.535
82900 369.761 28493.4 90726.5 -20113.8 254.415
83000 372.197 28305.1 90731.7 -20121.1 256.091
83100 360.016 28171.7 90736.9 -20118.3 247.71
83200 357.828 27937.5 90742 -20122.4 246.204
83300 353.621 27692.6 90747.2 -20125.1 243.31
83400 350.644 27388.8 90752.4 -20128.6 241.262
83500 351.609 27021.7 90757.6 -20134.9 241.925
83600 346.196 26982.6 90762.7 -20136.7 238.2
83700 346.579 26535.8 90767.9 -20142.5 238.464
83800 338.588 26423.7 90773.1 -20142.5 232.966
83900 335.311 25927.1 90778.2 -20145.8 230.711
84000 331.065 25753 90783.4 -20148.4 227.79
84100 325.254 25727.8 90788.6 -20149.8 223.792
84200 320.12 25436 90793.7 -20151.8 220.259
84300 319.522 24996.3 90798.9 -20156.9 219.848
84400 312.476 25035.8 90804 -20157.6 215
84500 316.207 24635.5 90809.2 -20165.6 217.567
84600 308.369 24454 90814.3 -20165.7 212.174
84700 307.128 24189.6 90819.5 -20170.3 211.32
84800 301.47 23954 90824.6 -20171.9 207.427
84900 297.945 23742 90829.7 -20174.9 205.002
85000 293.3 23532.9 90834.9 -20177.2 201.806
85100 288.623 23251 90840 -20179.4 198.587
85200 283.982 22847.5 90845.1 -20181.7 195.394
85300 280.13 22955.9 90850.2 -20184.5 192.744
85400 274.195 22736.2 90855.4 -20185.8 188.66
85500 272.174 22542.3 90860.5 -20189.9 187.269
85600 272.692 21885.5 90865.6 -20195.6 187.626
85700 269.04 21755.8 90870.7 -20198.6 185.113
85800 263.119 21713 90875.8 -20199.9 181.039
85900 256.905 21393.9 90880.9 -20201 176.764
86000 254.121 20966.8 90886 -20204.4 174.848
86100 252.065 20890.9 90891.1 -20208.3 173.433
86200 248.8 20523.2 90896.2 -20211.4 171.187
86300 247.939 20138 90901.3 -20216.2 170.595
86400 241.515 20157 90906.3 -20217.1 166.175
86500 237.149 19908.3 90911.4 -20219.4 163.171
86600 232.575 19791.4 90916.5 -20221.6 160.023
86700 227.696 19727.2 90921.6 -20223.6 156.667
86800 222.854 19564.2 90926.6 -20225.5 153.335
86900 222.44 19185 90931.7 -20230.6 153.05
87000 213.117 19068.3 90936.7 -20229.5 146.635
87100 213.173 18788.4 90941.8 -20234.9 146.674
87200 212.954 18311 90946.8 -20240 146.523
87300 207.254 18113.3 90951.9 -20241.5 142.601
87400 201.044 18062.7 90956.9 -20242.5 138.329
87500 197.392 18010.1 90962 -20245.3 135.816
87600 193.152 17605.6 90967 -20247.7 132.899
87700 189.645 17497.5 90972 -20250.7 130.486
87800 189.34 16989.5 90977 -20255.8 130.276
87900 183.894 16925.5 90982 -20257.5 126.528
88000 178.971 16819.8 90987 -20259.4 123.141
88100 175.191 16560.1 90992 -20262.2 120.541
88200 172.19 16419.7 90997 -20265.6 118.475
88300 167.238 16049 91002 -20267.6 115.068
88400 165.05 15758.1 91007 -20271.5 113.563
88500 160.068 15504.5 91012 -20273.6 110.135
88600 157.302 15294.7 91017 -20277.2 108.232
88700 154.299 14967 91022 -20280.7 106.166
88800 147.941 14833.6 91026.9 -20281.9 101.791
88900 142.71 14728.3 91031.9 -20284 98.1922
89000 139.545 14429.3 91036.8 -20287.5 96.0141
89100 136.693 14156.1 91041.8 -20291.4 94.0521
89200 130.401 13882.5 91046.7 -20293 89.7228
89300 126.702 13658.3 91051.7 -20296.5 87.1776
89400 123.116 13334.2 91056.6 -20300.2 84.7102
89500 116.682 13122.6 91061.5 -20302.2 80.2834
89600 112.916 12831.2 91066.5 -20306.3 77.6921
89700 107.649 12443.3 91071.4 -20309.8 74.068
