# Time-averaged data for fix data_saving
# TimeStep c_mytemp c_mypress v_myvol c_PE c_KE
0 2000 42357.2 87825.6 -20800.7 1376.1
100 1116.22 76420.4 87825.6 -20189.5 768.02
200 1074.3 78179.1 87825.6 -20151.6 739.177
300 1085 78014.9 87825.6 -20149.4 746.537
400 1102.51 78078.3 87825.7 -20152.6 758.585
500 1100.71 78929.8 87825.7 -20141.2 757.349
600 1114.33 79221.1 87825.8 -20139 766.718
700 1117.2 79774.3 87825.9 -20128.6 768.692
800 1139.1 79784.8 87826 -20130.7 783.76
900 1140.91 80507 87826.1 -20118.5 785.003
1000 1143.33 81136.5 87826.2 -20106.4 786.671
1100 1159.45 81708.9 87826.3 -20103.1 797.763
1200 1168.64 82040.5 87826.5 -20094.7 804.083
1300 1162.88 83190 87826.6 -20075.7 800.121
1400 1177.8 83473.9 87826.8 -20070.5 810.387
1500 1187.03 84242.1 87827 -20061.1 816.739
1600 1205.05 84743 87827.2 -20057.4 829.139
1700 1217.23 85312.8 87827.4 -20049.4 837.52
1800 1244.71 84955.2 87827.6 -20051.6 856.423
1900 1247.21 85977 87827.8 -20036.4 858.148
2000 1255.7 86574.2 87828.1 -20025.1 863.989
2100 1254.16 87775.3 87828.3 -20006.6 862.93
2200 1275.64 88171.6 87828.6 -20003.6 877.704
2300 1300.54 88619.7 87828.9 -20002.9 894.837
2400 1290.93 89799.1 87829.2 -19978.1 888.228
2500 1311.64 90358.6 87829.5 -19974.1 902.476
2600 1331.99 90583.5 87829.9 -19969.5 916.476
2700 1333.4 91939.9 87830.2 -19951.8 917.445
2800 1341.06 92471.4 87830.6 -19938.2 922.721
2900 1368.35 92649.8 87830.9 -19937.9 941.492
3000 1357.59 94197.6 87831.3 -19911.2 934.09
3100 1386.43 94450.5 87831.7 -19911.7 953.937
3200 1398.22 95239.8 87832.2 -19900.3 962.047
3300 1392.12 96464.2 87832.6 -19876.4 957.851
3400 1427.41 96286.1 87833.1 -19880.9 982.132
3500 1439.64 97140.2 87833.5 -19869.3 990.544
3600 1449.86 98128.5 87834 -19856.3 997.576
3700 1484.38 97892.2 87834.5 -19859.8 1021.33
3800 1493.7 99097.8 87835 -19846 1027.74
3900 1493.42 100237 87835.5 -19825.4 1027.55
4000 1495.12 101386 87836.1 -19806.2 1028.72
4100 1528.55 101146 87836.6 -19808.7 1051.72
4200 1532.78 102609 87837.2 -19791.2 1054.63
4300 1545.24 103271 87837.8 -19779 1063.2
4400 1576.49 103340 87838.4 -19779.8 1084.71
4500 1582.19 104479 87839 -19763.1 1088.63
4600 1603.6 104709 87839.7 -19757 1103.36
4700 1614.93 105686 87840.3 -19744.2 1111.16
4800 1619.79 106647 87841 -19726.8 1114.5
4900 1618.21 107654 87841.7 -19705.1 1113.41
5000 1662.75 107604 87842.4 -19715 1144.06
5100 1663.98 108825 87843.1 -19695.2 1144.9
5200 1659.93 109910 87843.9 -19671.9 1142.12
5300 1679.23 110413 87844.6 -19664.6 1155.4
5400 1708.98 111083 87845.4 -19664.6 1175.87
5500 1725.42 111339 87846.2 -19655.4 1187.18
5600 1726.51 112919 87847 -19635.7 1187.93
5700 1708.67 114514 87847.8 -19603.3 1175.65
5800 1739.51 114591 87848.7 -19604.5 1196.88
5900 1756.85 114796 87849.6 -19596.3 1208.8
6000 1751.23 116549 87850.4 -19572.6 1204.94
6100 1758.43 117290 87851.3 -19557.9 1209.89
6200 1803.68 117007 87852.3 -19569.2 1241.02
6300 1791.45 118286 87853.2 -19541.4 1232.61
6400 1818.81 118468 87854.2 -19541 1251.44
6500 1790.11 120622 87855.1 -19502.2 1231.69
6600 1833.26 120400 87856.1 -19513.1 1261.38
6700 1828.19 121280 87857.1 -19491 1257.89
6800 1819.96 122857 87858.2 -19467 1252.22
6900 1859.98 122418 87859.2 -19476.3 1279.76
7000 1853.92 124033 87860.3 -19453.9 1275.6
7100 1851.45 124941 87861.4 -19434.4 1273.89
7200 1855.49 125667 87862.5 -19419.4 1276.67
7300 1850.63 126981 87863.6 -19398.6 1273.33
7400 1864.06 127427 87864.8 -19390.6 1282.57
7500 1922.09 126925 87866 -19413.3 1322.5
7600 1873.34 129232 87867.1 -19362.7 1288.95
7700 1844.21 131378 87868.4 -19325.8 1268.91
7800 1848.23 131950 87869.6 -19311.7 1271.68
7900 1888.72 132254 87870.8 -19322.8 1299.54
8000 1860.07 134073 87872.1 -19286.3 1279.82
8100 1862.57 134431 87873.4 -19271.2 1281.54
8200 1849.02 136297 87874.7 -19245.3 1272.22
8300 1843.1 137094 87876.1 -19224.4 1268.14
8400 1866.38 137301 87877.4 -19223.7 1284.17
8500 1876.18 138572 87878.8 -19213.5 1290.91
8600 1863.63 139899 87880.2 -19187.9 1282.27
8700 1839.43 141345 87881.6 -19154.4 1265.62
8800 1872.89 142209 87883.1 -19160.4 1288.64
8900 1861.87 142948 87884.5 -19135.7 1281.06
9000 1829.93 144398 87886 -19096.7 1259.09
9100 1845.15 145489 87887.5 -19090.1 1269.56
9200 1868.54 145852 87889.1 -19089.1 1285.65
9300 1875.35 146000 87890.6 -19076.9 1290.34
9400 1853.52 147791 87892.2 -19045 1275.31
9500 1892.78 148059 87893.8 -19054.9 1302.33
9600 1872.43 149237 87895.5 -19024.1 1288.33
9700 1912.82 148940 87897.1 -19035.2 1316.12
9800 1901.34 150837 87898.8 -19010.9 1308.22
9900 1925.65 151159 87900.5 -19011.3 1324.94
10000 1926.66 151370 87902.2 -18996 1325.64
10100 1928.19 152401 87904 -18981.4 1326.69
10200 1946.92 152425 87905.7 -18979 1339.58
10300 1996.06 152101 87907.5 -18998 1373.39
10400 1975.28 153421 87909.3 -18969.4 1359.09
10500 1985.05 152901 87911.2 -18962.3 1365.82
10600 2012.61 153188 87913.1 -18967.9 1384.78
10700 2004.74 154188 87915 -18949.9 1379.36
10800 2020.99 154727 87916.9 -18949 1390.54
10900 2009.3 155262 87918.8 -18929.6 1382.5
11000 1994.79 156362 87920.8 -18908.8 1372.52
11100 2032.43 155904 87922.8 -18924.6 1398.41
11200 2024.07 157001 87924.8 -18909.3 1392.67
11300 2029.34 156656 87926.8 -18904.3 1396.29
11400 2026.02 157278 87928.9 -18894.1 1394
11500 2085.74 156835 87931 -18927.9 1435.1
11600 2085.98 156253 87933.1 -18921.8 1435.26
11700 2091.43 156369 87935.2 -18920.1 1439.01
11800 2073.37 157093 87937.4 -18903.4 1426.58
11900 2089.33 156709 87939.6 -18911.3 1437.57
12000 2069.8 157865 87941.8 -18895.8 1424.13
12100 2084.61 157173 87944 -18905.1 1434.32
12200 2042.78 158057 87946.3 -18876.6 1405.54
12300 2087.13 156978 87948.6 -18908.4 1436.05
12400 2066.43 157123 87950.9 -18896.6 1421.81
12500 2075.89 156594 87953.2 -18906.5 1428.32
12600 2084.15 156579 87955.6 -18916.5 1434
12700 2051.51 156683 87958 -18899.3 1411.54
12800 2058.48 156171 87960.4 -18910 1416.34
12900 2054.14 155401 87962.8 -18913.7 1413.36
13000 2080.66 155344 87965.3 -18939.3 1431.6
13100 2078.07 154757 87967.8 -18945.6 1429.82
13200 2077.54 154359 87970.3 -18953.9 1429.46
13300 2027.04 155784 87972.8 -18928.1 1394.71
13400 2016.13 154627 87975.4 -18929.7 1387.2
13500 2027.86 154541 87978 -18947 1395.28
13600 1998.83 154149 87980.6 -18936.3 1375.3
13700 2015.51 153413 87983.2 -18956.9 1386.78
13800 1970.17 154402 87985.8 -18934.5 1355.58
13900 2008.56 152546 87988.5 -18969.4 1381.99
14000 1981.38 152983 87991.2 -18959.1 1363.3
14100 1983.45 152569 87994 -18968.4 1364.72
14200 1989.42 152678 87996.7 -18979.9 1368.82
14300 1950.42 153074 87999.5 -18960.1 1341.99
14400 1960.01 152587 88002.3 -18973.3 1348.59
14500 1966.47 151182 88005.1 -18983.7 1353.03
14600 1977.2 151005 88008 -18996.6 1360.41
14700 1932.18 152263 88010.8 -18970.6 1329.44
14800 1983.64 150805 88013.7 -19010.5 1364.85
14900 1954.17 151255 88016.6 -18994.1 1344.57
15000 1940.27 151285 88019.6 -18987.7 1335.01
15100 1919.92 150870 88022.6 -18976.1 1321.01
15200 1922.7 151407 88025.5 -18979.8 1322.92
15300 1951.61 150455 88028.6 -19000.5 1342.81
15400 1945.51 150948 88031.6 -18996.5 1338.61
15500 1934.7 150485 88034.7 -18988.5 1331.17
15600 1937.16 150516 88037.7 -18988.9 1332.87
15700 1950.82 150918 88040.9 -18996.3 1342.27
15800 1937.82 150758 88044 -18984.5 1333.32
15900 1938.34 151417 88047.1 -18981.4 1333.68
16000 1969.75 150456 88050.3 -18998.8 1355.29
16100 1955.59 151382 88053.5 -18984.4 1345.55
16200 1967.86 150859 88056.8 -18987.7 1353.99
16300 1975.65 151235 88060 -18987.5 1359.35
16400 1988.43 151340 88063.3 -18990.4 1368.14
16500 2009.76 150700 88066.6 -18998.7 1382.82
16600 1966.64 152658 88069.9 -18962.4 1353.15
16700 1997.97 151650 88073.2 -18977.2 1374.71
16800 1954.93 152872 88076.6 -18940.7 1345.09
16900 2010.01 152345 88080 -18971.7 1382.99
17000 2006.04 152460 88083.4 -18962.2 1380.26
17100 1994.75 153204 88086.9 -18947.8 1372.49
17200 2004.57 153172 88090.3 -18948.1 1379.24
17300 2030.02 152558 88093.8 -18959.3 1396.76
17400 2011.05 153030 88097.3 -18940.4 1383.71
17500 2033.35 153257 88100.9 -18950.1 1399.05
17600 2021.65 153546 88104.4 -18936.7 1391
17700 2011.37 154102 88108 -18924.6 1383.93
17800 2031.71 154053 88111.6 -18933.8 1397.92
17900 2035.19 154157 88115.3 -18931.9 1400.32
18000 2067.05 153707 88118.9 -18949.8 1422.24
18100 2041.45 153931 88122.6 -18928.8 1404.62
18200 2053.54 153664 88126.3 -18934.3 1412.94
18300 2045.13 154402 88130 -18926.2 1407.15
18400 2027.02 154410 88133.8 -18912.4 1394.69
18500 2048.68 154267 88137.6 -18926.7 1409.6
18600 2044.34 154558 88141.4 -18923.9 1406.61
18700 2045.68 154656 88145.2 -18925.6 1407.53
18800 2026.6 154710 88149 -18913.6 1394.41
18900 2049.37 153616 88152.9 -18930.8 1410.07
19000 2031.56 154531 88156.8 -18920.8 1397.82
19100 2052.7 153777 88160.7 -18938.1 1412.36
19200 2029.05 153907 88164.7 -18925.2 1396.09
19300 2049.29 153009 88168.6 -18943.2 1410.02
19400 2035.72 153609 88172.6 -18938.3 1400.68
19500 2032.74 153052 88176.6 -18941.4 1398.63
19600 2027.32 153007 88180.7 -18943.2 1394.9
19700 2042.79 151940 88184.7 -18959.7 1405.54
19800 2033.74 152411 88188.8 -18959.5 1399.32
19900 2025.75 152218 88192.9 -18960.2 1393.82
20000 1972.34 152835 88197.1 -18929.7 1357.07
20100 1999.78 151777 88201.2 -18954.9 1375.95
20200 1983.92 152069 88205.4 -18950.3 1365.04
20300 2004.85 150924 88209.6 -18970.9 1379.44
20400 1993.54 150747 88213.8 -18969.2 1371.66
20500 1973.71 150929 88218.1 -18961.4 1358.02
20600 1975.3 151124 88222.4 -18968 1359.11
20700 1987.12 150458 88226.7 -18981.3 1367.24
20800 1964.41 150348 88231 -18970.4 1351.62
20900 1942.09 151645 88235.3 -18959.3 1336.26
21000 1953.92 150443 88239.7 -18971.1 1344.4
21100 1956.86 150548 88244.1 -18976.4 1346.42
21200 1958.79 149804 88248.5 -18980.5 1347.75
21300 1955.36 149858 88252.9 -18980.5 1345.39
21400 1944.91 150064 88257.4 -18975.2 1338.2
21500 1974.88 149205 88261.8 -18997.3 1358.82
21600 1954.86 149544 88266.3 -18984.5 1345.04
21700 1962 148735 88270.9 -18989.8 1349.96
21800 1978.18 148939 88275.4 -19000.8 1361.09
21900 1957.63 149722 88280 -18986 1346.95
22000 1944.66 149429 88284.6 -18975.9 1338.03
22100 1964.67 149218 88289.2 -18987.9 1351.79
22200 1968.33 149264 88293.8 -18988 1354.31
22300 1965 149621 88298.5 -18982.8 1352.02
22400 1969.05 149721 88303.2 -18982.2 1354.81
22500 1959.15 150321 88307.9 -18971.5 1347.99
22600 1955.02 150068 88312.6 -18964.3 1345.15
22700 1990.86 149461 88317.3 -18984.3 1369.81
22800 1964.55 150458 88322.1 -18961.3 1351.71
22900 2013.7 149176 88326.9 -18990.1 1385.53
23000 1986.39 150085 88331.7 -18966.1 1366.74
23100 1980.42 150396 88336.6 -18956.7 1362.63
23200 2007.06 150101 88341.4 -18969.7 1380.96
23300 2007.81 150633 88346.3 -18964.8 1381.48
23400 1986.15 151600 88351.2 -18944.4 1366.58
23500 2026.17 150200 88356.2 -18966.6 1394.11
23600 2018.46 150846 88361.1 -18956.2 1388.81
23700 1992.65 152262 88366.1 -18933.8 1371.04
23800 2023.07 151098 88371.1 -18950.2 1391.98
23900 2032.38 150783 88376.1 -18952.4 1398.39
24000 2054.84 149976 88381.1 -18963.9 1413.84
24100 2063.19 150298 88386.2 -18966.3 1419.58
24200 2008.65 151817 88391.3 -18925.8 1382.06
24300 2023.77 151739 88396.4 -18933.7 1392.46
24400 2055.5 150986 88401.5 -18953.4 1414.29
24500 2046.2 151109 88406.7 -18945.3 1407.89
24600 2034.17 151368 88411.8 -18936 1399.61
24700 2027.44 151449 88417 -18930.9 1394.98
24800 2040.96 151030 88422.3 -18940.3 1404.29
24900 2019.99 151896 88427.5 -18926.4 1389.86
25000 2028.79 152148 88432.8 -18933.7 1395.92
25100 2054.33 150767 88438 -18953.2 1413.48
25200 2050.45 151145 88443.3 -18953 1410.82
25300 2011.56 151519 88448.7 -18929.2 1384.06
25400 2017.1 151070 88454 -18936.3 1387.87
25500 2019.45 150698 88459.4 -18941.5 1389.49
25600 2021.45 150846 88464.8 -18946.7 1390.86
25700 2045.59 149837 88470.2 -18967.5 1407.47
25800 2021.91 150365 88475.6 -18955.8 1391.18
25900 2009.82 150175 88481.1 -18952.2 1382.86
26000 1986.84 150084 88486.6 -18941.4 1367.05
26100 2017.1 149254 88492.1 -18967.1 1387.87
26200 2022.9 149083 88497.6 -18976.2 1391.86
26300 2029.19 147635 88503.1 -18985.9 1396.19
26400 1995.43 148555 88508.7 -18968.4 1372.96
26500 1993.75 147984 88514.3 -18972.9 1371.8
26600 1986.87 148040 88519.9 -18973.7 1367.07
26700 1977.41 148608 88525.5 -18972.5 1360.56
26800 2006.69 147524 88531.2 -18997.6 1380.71
26900 1983.4 147106 88536.8 -18986.3 1364.68
27000 1979.35 147347 88542.5 -18988.1 1361.9
27100 1965.89 147688 88548.2 -18982.8 1352.64
27200 1974.52 146934 88553.9 -18992.5 1358.57
27300 1972.65 147103 88559.7 -18994.4 1357.28
27400 1978.34 146674 88565.5 -19000.9 1361.2
27500 1971.49 147463 88571.2 -18998.4 1356.49
27600 1979.24 146375 88577.1 -19005.4 1361.82
27700 1969.47 146498 88582.9 -19000.1 1355.1
27800 1928.16 147621 88588.7 -18972.7 1326.67
27900 1975.56 146106 88594.6 -19005.9 1359.29
28000 1963.13 146301 88600.5 -18997.4 1350.73
28100 1942.09 147316 88606.4 -18982.5 1336.26
28200 1971.64 146237 88612.3 -19001.7 1356.59
28300 1959.02 146741 88618.3 -18991.5 1347.91
28400 2000.96 145464 88624.2 -19018.4 1376.77
28500 1991.05 145972 88630.2 -19009.4 1369.95
28600 1977.79 146734 88636.2 -18997.9 1360.82
28700 1963.74 147374 88642.3 -18985.5 1351.16
28800 1975.16 146769 88648.3 -18990.2 1359.02
28900 2000.06 145826 88654.4 -19003.9 1376.15
29000 1983 146793 88660.5 -18988.5 1364.41
29100 1987.16 146609 88666.6 -18987.6 1367.27
29200 1988.25 146984 88672.7 -18984.5 1368.02
29300 1984.44 147238 88678.8 -18977.7 1365.4
29400 1990.16 146990 88685 -18977.6 1369.33
29500 1987.77 147173 88691.2 -18972 1367.69
29600 1980.63 148134 88697.4 -18963.1 1362.78
29700 2003.12 146943 88703.6 -18974.5 1378.25
29800 2008.5 146953 88709.8 -18974.4 1381.95
29900 1989.33 147812 88716.1 -18957.5 1368.76
30000 2038.03 147094 88722.3 -18987.6 1402.27
30100 2025.03 147108 88728.6 -18975.4 1393.33
30200 2020.17 147968 88734.9 -18969.2 1389.98
30300 2015.54 147242 88741.3 -18963.4 1386.8
30400 2044.14 146845 88747.6 -18980.7 1406.47
30500 2038.04 146999 88754 -18974.5 1402.28
30600 2024.87 147715 88760.4 -18963.8 1393.21
30700 2030.32 147246 88766.8 -18966.2 1396.97
30800 2019.43 147562 88773.2 -18957.8 1389.47
30900 2038.5 146813 88779.6 -18970.3 1402.59
31000 2031.78 147139 88786.1 -18965.4 1397.97
31100 2028.43 147559 88792.6 -18963.1 1395.67
31200 2053.72 146473 88799.1 -18980.9 1413.07
31300 2012.08 147805 88805.6 -18952.9 1384.41
31400 1999.77 148686 88812.1 -18945.5 1375.95
31500 1990.84 147984 88818.7 -18940.5 1369.8
31600 2016.76 147226 88825.2 -18959.6 1387.64
31700 2016.03 147460 88831.8 -18960.8 1387.13
31800 2002.4 147446 88838.4 -18953.2 1377.76
31900 2006.09 146781 88845 -18957.7 1380.29
32000 1987.1 147448 88851.7 -18946.6 1367.22
32100 2008.88 146897 88858.3 -18963.9 1382.21
32200 2018.52 146324 88865 -18973.2 1388.84
32300 1978.44 146464 88871.7 -18948.6 1361.27
32400 2011.88 146532 88878.4 -18974.7 1384.28
32500 2012.01 146042 88885.1 -18977.9 1384.37
32600 2032.42 144816 88891.8 -18995.2 1398.41
32700 2006.7 144904 88898.6 -18981.1 1380.71
32800 2019.8 144608 88905.3 -18993.7 1389.73
32900 1978.27 145637 88912.1 -18969 1361.16
33000 2005.6 144553 88918.9 -18991.6 1379.95
33100 2002.81 145093 88925.7 -18993.4 1378.04
33200 1997.09 144010 88932.6 -18993.1 1374.1
33300 1995.79 145061 88939.4 -18995.6 1373.21
33400 1988.59 144034 88946.3 -18994 1368.25
33500 1999.6 143633 88953.2 -19004.6 1375.83
33600 1988.43 143532 88960.1 -18999.9 1368.14
33700 1991.37 143375 88967 -19004.6 1370.17
33800 1990.02 142895 88973.9 -19006.1 1369.24
33900 1989.19 142863 88980.8 -19007.7 1368.67
34000 1952.98 143970 88987.8 -18984.8 1343.75
34100 1990.15 142820 88994.8 -19012.1 1369.32
34200 1982.88 142957 89001.8 -19008.5 1364.32
34300 1957.65 144101 89008.8 -18992.4 1346.96
34400 1952.97 143570 89015.8 -18990 1343.74
34500 1988.01 143292 89022.8 -19014.4 1367.86
34600 1975.06 142909 89029.9 -19005.4 1358.94
34700 1956.03 142941 89036.9 -18991.6 1345.85
34800 1959.92 143423 89044 -18993.3 1348.53
34900 1971.05 142745 89051.1 -18999.6 1356.18
35000 1967.64 143176 89058.2 -18995.5 1353.84
35100 1982.17 142694 89065.3 -19003.4 1363.83
35200 2005.17 142169 89072.4 -19016.8 1379.66
35300 2004.3 142106 89079.6 -19013.7 1379.07
35400 1998.48 142400 89086.7 -19007.1 1375.06
35500 1981.37 143471 89093.9 -18992.7 1363.29
35600 1998.25 143108 89101.1 -19001.6 1374.9
35700 1966.51 143538 89108.3 -18976.8 1353.06
35800 1993.72 143239 89115.5 -18992.6 1371.78
35900 2014.83 142928 89122.7 -19004.1 1386.31
36000 1990.44 143913 89130 -18984.3 1369.53
36100 2006.76 143377 89137.2 -18992.5 1380.76
36200 1997.65 143328 89144.5 -18983.2 1374.48
36300 2040.58 142513 89151.8 -19009.8 1404.03
36400 1993.69 143269 89159 -18974.6 1371.76
36500 2021.16 142626 89166.4 -18990.7 1390.66
36600 1997.82 143968 89173.7 -18972.1 1374.6
36700 2024.92 142616 89181 -18988.4 1393.25
36800 2005.97 144030 89188.3 -18973.4 1380.21
36900 2006.75 143348 89195.7 -18972 1380.75
37000 2013.46 143193 89203.1 -18975.1 1385.36
37100 2037.73 142832 89210.4 -18990.4 1402.06
37200 2045.25 142458 89217.8 -18994.7 1407.24
37300 2014.49 143424 89225.2 -18973 1386.07
37400 2031.94 142835 89232.6 -18984.7 1398.08
37500 2034.92 143167 89240.1 -18986.8 1400.13
37600 1997.61 144057 89247.5 -18961.5 1374.46
37700 2029.34 143442 89254.9 -18983.7 1396.29
37800 2025.34 143740 89262.4 -18981.6 1393.54
37900 2013.35 143508 89269.9 -18974.1 1385.29
38000 2000.4 143474 89277.4 -18966.2 1376.38
38100 1983.39 143829 89284.8 -18955.6 1364.68
38200 2036.7 142265 89292.3 -18993.6 1401.36
38300 2018.07 142386 89299.9 -18982.4 1388.53
38400 2041.2 141993 89307.4 -19000.1 1404.45
38500 2023.05 142298 89314.9 -18989.5 1391.97
38600 2024.05 141946 89322.5 -18992.4 1392.65
38700 1993.96 142467 89330 -18974.2 1371.95
38800 2012.21 141824 89337.6 -18989.4 1384.51
38900 1990.15 142332 89345.2 -18976.9 1369.33
39000 2025.24 141341 89352.8 -19003.8 1393.47
39100 2028.14 140608 89360.4 -19008.7 1395.46
39200 1991.82 141625 89368 -18986.9 1370.48
39300 2007.9 140891 89375.6 -19001.1 1381.54
39400 2013.01 140168 89383.2 -19007.8 1385.05
39500 1991.01 141043 89390.8 -18996 1369.92
39600 1997.05 140287 89398.5 -19003.4 1374.08
39700 1991.29 140708 89406.1 -19002.6 1370.11
39800 2000.76 140086 89413.8 -19012.1 1376.62
39900 1960.97 140831 89421.5 -18987.4 1349.25
40000 1975.8 139270 89429.1 -19000.2 1359.46
40100 1994.45 139124 89429.1 -19013 1372.28
40200 1986.92 140054 89429.2 -19007.8 1367.1
40300 1956.02 140796 89429.2 -18986.4 1345.84
40400 1970.92 139733 89429.3 -18996.4 1356.1
40500 1980.31 140366 89429.4 -19002.8 1362.55
40600 1991.8 139334 89429.5 -19010.8 1370.46
40700 2003.52 139219 89429.7 -19019.4 1378.52
40800 2017.23 139053 89429.9 -19029.6 1387.96
40900 1998.4 139697 89430.1 -19017.8 1375.01
41000 1987.47 139646 89430.3 -19012.1 1367.48
41100 1974.27 139455 89430.5 -19005.4 1358.4
41200 1982.8 139346 89430.8 -19014.5 1364.27
41300 1979.48 138777 89431.1 -19016.3 1361.99
41400 1997.79 138453 89431.4 -19034 1374.58
41500 1944 139381 89431.7 -19002.7 1337.57
41600 1953.03 138854 89432.1 -19015 1343.79
41700 1960.08 138905 89432.4 -19025.8 1348.63
41800 1977.64 137690 89432.8 -19043.4 1360.72
41900 1957.91 138601 89433.2 -19034.9 1347.15
42000 1972.81 137647 89433.7 -19049.3 1357.39
42100 1950.87 138148 89434.2 -19037.8 1342.3
42200 1980.87 137306 89434.6 -19061.8 1362.94
42300 1933.55 138056 89435.2 -19032.2 1330.38
42400 1944.33 137449 89435.7 -19042.6 1337.8
42500 1930.97 137996 89436.2 -19036.5 1328.61
42600 1942.43 137735 89436.8 -19047.6 1336.49
42700 1926.08 136868 89437.4 -19039.7 1325.24
42800 1937.43 137287 89438 -19051.3 1333.05
42900 1917.09 137408 89438.7 -19041.3 1319.06
43000 1911.99 137182 89439.4 -19042 1315.55
43100 1953.55 136112 89440 -19075.2 1344.14
43200 1927.58 136975 89440.8 -19062.1 1326.27
43300 1931.17 136305 89441.5 -19069.6 1328.75
43400 1897.36 137153 89442.3 -19051.2 1305.49
43500 1885.13 136593 89443 -19047.5 1297.07
43600 1900.83 135815 89443.8 -19063.1 1307.87
43700 1902.92 135255 89444.7 -19069.4 1309.31
43800 1913.77 135475 89445.5 -19081.9 1316.78
43900 1906.92 134785 89446.4 -19082.3 1312.06
44000 1902.82 134795 89447.3 -19084.8 1309.24
44100 1902.17 134898 89448.2 -19089.7 1308.79
44200 1903.07 134694 89449.1 -19095.6 1309.41
44300 1893.41 134595 89450.1 -19094.3 1302.77
44400 1855.02 135552 89451 -19073.4 1276.35
44500 1875.02 134485 89452 -19092.6 1290.11
44600 1856.25 135143 89453.1 -19085 1277.2
44700 1856.6 134399 89454.1 -19090.5 1277.44
44800 1852.89 134431 89455.2 -19093.1 1274.88
44900 1869.41 133527 89456.3 -19109.7 1286.25
45000 1855.85 134036 89457.4 -19105.8 1276.92
45100 1872.22 132851 89458.5 -19122.4 1288.18
45200 1826.95 134239 89459.7 -19096.7 1257.04
45300 1874.45 132232 89460.8 -19134.8 1289.72
45400 1851.69 132630 89462 -19124.7 1274.06
45500 1830.16 132464 89463.3 -19115.7 1259.25
45600 1834.86 132763 89464.5 -19124.7 1262.48
45700 1825.74 132809 89465.8 -19124 1256.2
45800 1842.67 132218 89467 -19141.2 1267.85
45900 1817.68 132184 89468.3 -19129.7 1250.66
46000 1825 131758 89469.7 -19140.4 1255.7
46100 1809.45 131810 89471 -19135.5 1244.99
46200 1809.41 131826 89472.4 -19141.1 1244.97
46300 1813.92 131108 89473.8 -19149.8 1248.07
46400 1791.1 131430 89475.2 -19139.8 1232.37
46500 1811.3 130781 89476.6 -19159.5 1246.27
46600 1792.99 130663 89478.1 -19152.8 1233.67
46700 1791.82 130161 89479.6 -19158 1232.87
46800 1780.88 130497 89481.1 -19156.4 1225.34
46900 1816.39 129766 89482.6 -19186.8 1249.77
47000 1803.56 129312 89484.1 -19183.9 1240.94
47100 1782.07 129323 89485.7 -19175.2 1226.16
47200 1769.13 129030 89487.3 -19172.4 1217.26
47300 1758.17 129370 89488.9 -19171 1209.71
47400 1758.31 129079 89490.5 -19177.2 1209.81
47500 1778.32 127585 89492.2 -19197 1223.58
47600 1758.94 127718 89493.8 -19189.9 1210.24
47700 1758.15 127889 89495.5 -19195.4 1209.7
47800 1773.96 126860 89497.2 -19212.5 1220.57
47900 1722.86 127537 89499 -19183.7 1185.42
48000 1749.45 126672 89500.7 -19208.1 1203.71
48100 1759.84 126291 89502.5 -19221.6 1210.86
48200 1741.95 126594 89504.3 -19215.8 1198.55
48300 1720.26 127148 89506.1 -19207.4 1183.63
48400 1718.44 126238 89507.9 -19212.6 1182.37
48500 1716.22 125855 89509.8 -19217.5 1180.85
48600 1734.01 125215 89511.7 -19236.2 1193.09
48700 1696.14 126252 89513.6 -19216.7 1167.04
48800 1686.86 125935 89515.5 -19216.7 1160.65
48900 1702.3 124542 89517.4 -19233.6 1171.27
49000 1706.71 124566 89519.4 -19242.9 1174.3
49100 1678.28 125101 89521.3 -19229.8 1154.74
49200 1696.25 124346 89523.3 -19248.4 1167.11
49300 1685.9 124478 89525.4 -19247.4 1159.99
49400 1656.96 124707 89527.4 -19233.7 1140.07
49500 1686.76 124050 89529.5 -19260.5 1160.58
49600 1655.75 124043 89531.5 -19245.3 1139.24
49700 1680.86 123323 89533.6 -19268.8 1156.52
49800 1680.03 122945 89535.8 -19274.7 1155.95
49900 1648.25 123522 89537.9 -19259.1 1134.08
50000 1662.85 122378 89540.1 -19275.6 1144.13
50100 1626.85 123257 89542.2 -19257.2 1119.36
50200 1631.46 122712 89544.4 -19266.7 1122.53
50300 1647.53 122336 89546.7 -19283.9 1133.59
50400 1631.42 122236 89548.9 -19279 1122.5
50500 1626.78 121812 89551.2 -19282 1119.31
50600 1610.92 122112 89553.5 -19277.5 1108.4
50700 1622.06 121168 89555.8 -19291.4 1116.06
50800 1591.05 122011 89558.1 -19276.3 1094.73
50900 1613.28 121177 89560.4 -19297.8 1110.02
51000 1597.87 121039 89562.8 -19293.4 1099.41
51100 1599.43 120718 89565.2 -19300.7 1100.49
51200 1608.28 119568 89567.6 -19313 1106.58
51300 1608.16 119370 89570 -19319.1 1106.5
51400 1603.26 119449 89572.4 -19322 1103.13
51500 1607.08 119218 89574.9 -19330.8 1105.75
51600 1590.98 118759 89577.3 -19325.9 1094.67
51700 1560.28 119544 89579.8 -19310.9 1073.55
51800 1603.72 117844 89582.4 -19347 1103.45
51900 1561.57 119193 89584.9 -19324.2 1074.44
52000 1571.05 118382 89587.5 -19336.8 1080.96
52100 1541.13 118982 89590 -19322.3 1060.38
52200 1554.04 118623 89592.6 -19337.1 1069.26
52300 1549.33 118098 89595.2 -19339.7 1066.02
52400 1549.21 117528 89597.9 -19345.6 1065.94
52500 1538.03 117424 89600.5 -19343.9 1058.24
52600 1560.81 116631 89603.2 -19365.6 1073.92
52700 1544.71 116237 89605.9 -19360.6 1062.84
52800 1555.09 115687 89608.6 -19374 1069.98
52900 1534.87 116149 89611.3 -19366.5 1056.07
53000 1517.69 116066 89614.1 -19360.9 1044.25
53100 1521.65 116274 89616.8 -19369.9 1046.97
53200 1529.3 115876 89619.6 -19381.3 1052.24
53300 1499.5 116115 89622.4 -19366.9 1031.73
53400 1503.37 115357 89625.2 -19375.5 1034.4
53500 1513.71 115018 89628.1 -19388.7 1041.51
53600 1514.12 114171 89630.9 -19394.9 1041.8
53700 1495.51 114960 89633.8 -19388.2 1028.99
53800 1515.08 113458 89636.7 -19407.7 1042.45
53900 1480.53 114556 89639.6 -19390.2 1018.68
54000 1504.84 112858 89642.6 -19413 1035.41
54100 1479.37 113399 89645.5 -19401.6 1017.88
54200 1479.03 113054 89648.5 -19407.4 1017.65
54300 1489.94 111863 89651.5 -19420.9 1025.16
54400 1463.95 112860 89654.5 -19409.3 1007.28
54500 1467.51 111886 89657.5 -19418 1009.72
54600 1472.85 112116 89660.5 -19428.1 1013.4
54700 1468.95 111449 89663.6 -19431.8 1010.71
54800 1481.4 111300 89666.7 -19446.7 1019.28
54900 1463.34 110853 89669.8 -19440.5 1006.86
55000 1469.79 110569 89672.9 -19451.2 1011.29
55100 1460.4 110355 89676 -19451 1004.83
55200 1447.76 110496 89679.2 -19448.6 996.132
55300 1461.14 109813 89682.3 -19464 1005.34
55400 1424.53 110546 89685.5 -19445.2 980.152
55500 1441.83 109724 89688.7 -19463.4 992.056
55600 1430.03 109258 89692 -19461.6 983.933
55700 1427.49 108733 89695.2 -19466.1 982.185
55800 1426.58 108861 89698.5 -19471.7 981.561
55900 1417.02 109166 89701.7 -19471.2 974.982
56000 1404.79 109319 89705 -19469 966.566
56100 1415.7 107842 89708.3 -19482.7 974.074
56200 1388.87 108242 89711.7 -19470.3 955.612
56300 1389.23 108171 89715 -19476.6 955.864
56400 1387.31 107735 89718.4 -19481.2 954.539
56500 1407.24 107125 89721.8 -19501 968.257
56600 1386.55 106750 89725.2 -19492.7 954.019
56700 1386.65 106767 89728.6 -19498.9 954.085
56800 1372.44 106634 89732 -19495.3 944.312
56900 1389.77 106155 89735.5 -19513.4 956.236
57000 1392.89 105506 89738.9 -19521.7 958.382
57100 1377.16 105492 89742.4 -19517 947.558
57200 1352.54 106361 89745.9 -19506.2 930.62
57300 1362.48 105857 89749.4 -19519.1 937.458
57400 1358.21 105487 89753 -19522.3 934.52
57500 1346.81 106043 89756.5 -19520.8 926.677
57600 1350.69 104818 89760.1 -19529.7 929.348
57700 1348.44 104909 89763.7 -19534.3 927.796
57800 1342.34 104466 89767.3 -19536.4 923.6
57900 1349.69 103789 89770.9 -19547.7 928.659
58000 1328.8 103988 89774.5 -19539.4 914.283
58100 1317.07 104018 89778.2 -19537.5 906.212
58200 1299.75 104287 89781.8 -19531.6 894.297
58300 1312.99 103370 89785.5 -19546.6 903.407
58400 1309.7 102888 89789.2 -19550.1 901.142
58500 1323.08 102835 89792.9 -19565.2 910.347
58600 1310.98 102438 89796.7 -19562.7 902.02
58700 1301.59 102406 89800.4 -19562.2 895.56
58800 1295.33 102343 89804.2 -19563.9 891.253
58900 1307.37 101854 89808 -19578.1 899.54
59000 1292.31 101291 89811.8 -19573.6 889.176
59100 1289.88 101068 89815.6 -19577.9 887.501
59200 1281.9 100868 89819.4 -19578.4 882.017
59300 1290.68 100223 89823.2 -19590.4 888.053
59400 1278.86 99623.3 89827.1 -19588.3 879.922
59500 1283.11 99538.5 89831 -19597.4 882.848
59600 1268.1 99576.3 89834.9 -19593.3 872.52
59700 1272.2 99386.2 89838.8 -19602.3 875.338
59800 1275.32 98948.2 89842.7 -19610.7 877.483
59900 1268.97 98213 89846.6 -19612.6 873.12
60000 1252.23 98898.1 89850.6 -19607.4 861.602
60100 1244.62 98791.5 89854.6 -19608.4 856.36
60200 1238.98 98640.7 89858.6 -19610.7 852.483
60300 1246.09 98053.5 89862.6 -19621.9 857.375
60400 1229.75 97839.1 89866.6 -19616.9 846.135
60500 1237.77 97707.4 89870.6 -19628.7 851.648
60600 1230.86 97519.1 89874.7 -19630.2 846.896
60700 1236.28 96777.8 89878.7 -19640.2 850.628
60800 1220.24 96780 89882.8 -19635.5 839.588
60900 1234.56 96059.2 89886.9 -19651.8 849.445
61000 1213.84 96315.9 89891 -19644 835.185
61100 1221.81 95761.8 89895.1 -19655.8 840.667
61200 1213.73 95295.6 89899.3 -19656.5 835.108
61300 1188.69 95741.9 89903.4 -19645.6 817.877
61400 1213.28 94957.2 89907.6 -19668.8 834.798
61500 1189.74 94895.9 89911.8 -19658.8 818.605
61600 1210.84 94085.6 89915.9 -19679.5 833.12
61700 1189.41 94579.4 89920.2 -19671.1 818.377
61800 1183.38 94392.4 89924.4 -19673.1 814.227
61900 1173.77 93990.1 89928.6 -19672.8 807.614
62000 1153.05 94864 89932.9 -19664.8 793.357
62100 1170.01 93351 89937.1 -19682.5 805.027
62200 1189.42 92426.4 89941.4 -19702 818.382
62300 1172.55 92790.5 89945.7 -19696.7 806.773
62400 1141.67 93358 89950 -19681.8 785.528
62500 1171.92 92217.6 89954.4 -19708.9 806.344
62600 1168.51 91862 89958.7 -19712.9 803.999
62700 1141.36 92100.5 89963 -19700.4 785.316
62800 1147.28 91674.3 89967.4 -19710.7 789.386
62900 1133.39 91651.1 89971.8 -19707.3 779.828
63000 1138.61 90959.9 89976.2 -19717.1 783.42
63100 1127.04 90847.5 89980.6 -19715.3 775.464
63200 1114.19 90767.5 89985 -19712.4 766.618
63300 1132.63 90209 89989.4 -19731.3 779.305
63400 1117.44 89703.3 89993.9 -19727.1 768.859
63500 1112.42 89689.3 89998.3 -19729.9 765.403
63600 1092.62 89880.2 90002.8 -19722.6 751.782
63700 1120.43 88904.3 90007.3 -19747.9 770.913
63800 1115.84 88563.7 90011.8 -19751.1 767.757
63900 1119.08 88324.1 90016.3 -19759.6 769.988
64000 1091.06 88941.8 90020.8 -19746.6 750.708
64100 1082.82 88364.9 90025.4 -19747.2 745.034
64200 1104.74 87380.9 90029.9 -19768.5 760.122
64300 1104.83 86537.7 90034.5 -19774.9 760.178
64400 1095.82 87219.3 90039.1 -19775 753.98
64500 1073.61 87435.2 90043.7 -19766 738.696
64600 1079.93 86688.4 90048.3 -19776.6 743.05
64700 1082.69 86527.8 90052.9 -19784.7 744.95
64800 1066.04 86665.4 90057.5 -19779.6 733.492
64900 1063.79 85902.2 90062.2 -19784.2 731.945
65000 1054.89 86248.5 90066.8 -19784.3 725.819
65100 1053.09 85555.4 90071.5 -19789.2 724.579
65200 1060.22 85014.1 90076.2 -19800.3 729.489
65300 1038.65 85068 90080.8 -19791.9 714.648
65400 1035.7 85013.5 90085.5 -19796.2 712.618
65500 1035.6 84589.1 90090.3 -19802.6 712.548
65600 1041.05 84090.9 90095 -19812.7 716.293
65700 1028.67 83917 90099.7 -19810.6 707.775
65800 1030.69 83400.4 90104.5 -19818.4 709.167
65900 1031.93 82798.8 90109.2 -19825.7 710.021
66000 1033.47 82941.1 90114 -19833.2 711.08
66100 1030.83 82138.3 90118.8 -19838 709.267
66200 1022.57 82076 90123.6 -19838.8 703.579
66300 1023.32 81213.8 90128.4 -19846 704.097
66400 1000.71 81661.6 90133.2 -19837 688.538
66500 1012.43 80802.3 90138 -19851.7 696.601
66600 1010.82 80598.6 90142.9 -19857.1 695.495
66700 994.693 80584.8 90147.7 -19852.5 684.401
66800 986.505 80408 90152.6 -19853.3 678.767
66900 989.931 80015.7 90157.5 -19862.1 681.123
67000 996.893 79325.3 90162.4 -19873.4 685.914
67100 985.557 79398.2 90167.3 -19872.2 678.114
67200 986.994 79021.6 90172.2 -19879.7 679.103
67300 982.377 78615.1 90177.1 -19883.1 675.926
67400 975.943 78538.6 90182 -19885.4 671.5
67500 972.314 77976.4 90186.9 -19889.5 669.002
67600 969.236 77875 90191.9 -19894.1 666.884
67700 958.745 77868.8 90196.8 -19893.5 659.666
67800 952.827 77819.2 90201.8 -19896 655.595
67900 945.42 77512.5 90206.8 -19897.4 650.498
68000 945.443 77155.4 90211.8 -19903.9 650.514
68100 945.378 76657.4 90216.8 -19910.3 650.469
68200 939.866 76644.3 90221.8 -19913 646.676
68300 944.267 76115.1 90226.8 -19922.5 649.705
68400 927.867 75949 90231.8 -19917.7 638.421
68500 929.74 75258.6 90236.9 -19925.4 639.709
68600 923.409 75473 90241.9 -19927.5 635.353
68700 918.622 74757 90247 -19930.6 632.059
68800 918.896 74448.2 90252 -19937.3 632.248
68900 921.387 73899.7 90257.1 -19945.5 633.962
69000 901.992 73967 90262.2 -19938.6 620.617
69100 899.241 73793.7 90267.3 -19943.2 618.724
69200 893.912 73779.3 90272.4 -19946 615.057
69300 902.149 72601.4 90277.5 -19958.1 620.725
69400 900.581 72702.7 90282.6 -19963.4 619.646
69500 881.143 72492.5 90287.8 -19956.4 606.272
69600 888.763 72129.1 90292.9 -19968 611.515
69700 873.129 72322.1 90298 -19963.6 600.758
69800 873.718 71830.9 90303.2 -19970.4 601.163
69900 863.902 71759.4 90308.4 -19970 594.409
70000 863.008 71217.9 90313.5 -19975.6 593.794
70100 865.235 70784.6 90318.7 -19983.3 595.326
70200 855.721 70995.9 90323.9 -19983 588.78
70300 848.057 70835.4 90329.1 -19984 583.507
70400 844.893 69762.6 90334.3 -19988 581.33
70500 849.24 69616.6 90339.5 -19997.1 584.321
70600 848.226 69283 90344.8 -20002.6 583.623
70700 835.139 69244.6 90350 -19999.9 574.619
70800 840.47 68908.1 90355.2 -20009.7 578.287
70900 827.523 68838.3 90360.5 -20007.1 569.379
71000 832.472 68407.4 90365.7 -20016.6 572.784
71100 829.174 68094.8 90371 -20020.5 570.514
71200 811.557 68246.5 90376.3 -20014.6 558.393
71300 806.494 68305.6 90381.5 -20017.2 554.91
71400 807.602 67370.2 90386.8 -20024.1 555.672
71500 796.929 67717.7 90392.1 -20022.9 548.329
71600 806.42 66670 90397.4 -20035.6 554.859
71700 803.288 66477.3 90402.7 -20039.7 552.703
71800 798.003 66574.9 90408 -20042.3 549.068
71900 790.859 66294.3 90413.3 -20043.6 544.152
72000 798.436 65933.4 90418.7 -20055 549.366
72100 780.92 65439.8 90424 -20049.3 537.313
72200 775.454 65560.2 90429.3 -20051.8 533.552
72300 781.383 64871 90434.7 -20062.1 537.632
72400 761.714 65480.8 90440 -20054.8 524.099
72500 761.617 64889.9 90445.4 -20060.9 524.032
72600 771.467 64297.1 90450.8 -20073.9 530.809
72700 760.639 64195.7 90456.1 -20072.7 523.359
72800 753.08 63962.4 90461.5 -20073.7 518.158
72900 745.818 63662.6 90466.9 -20074.9 513.161
73000 751.274 62867.7 90472.3 -20084.8 516.916
73100 746.763 62532.6 90477.7 -20087.8 513.811
73200 739.982 62593.9 90483.1 -20089.2 509.146
73300 735.048 62437.6 90488.5 -20092 505.751
73400 726.494 61884.3 90493.9 -20092.3 499.865
73500 730.773 61649.5 90499.3 -20101.3 502.81
73600 731.256 61277.6 90504.8 -20107.9 503.142
73700 722.944 61164.1 90510.2 -20108.3 497.423
73800 729.569 60483 90515.6 -20119 501.981
73900 716.749 60866.2 90521.1 -20116.5 493.16
74000 715.691 60285.1 90526.5 -20121.9 492.433
74100 710.948 60041.6 90532 -20124.9 489.169
74200 703.047 60032.6 90537.4 -20125.6 483.732
74300 693.477 60045.1 90542.9 -20125.2 477.148
74400 699.775 59301.1 90548.4 -20135.7 481.481
74500 691.659 59098.2 90553.8 -20136.2 475.897
74600 704.754 58290.8 90559.3 -20151.4 484.907
74700 690.972 58577.7 90564.8 -20148.1 475.425
74800 679.877 58823.2 90570.3 -20146.7 467.791
74900 688.605 57809.9 90575.8 -20158.8 473.796
75000 662.879 58350.7 90581.3 -20147.2 456.095
75100 662.895 57758.7 90586.8 -20153.3 456.106
75200 668.139 57380.8 90592.3 -20163 459.714
75300 661.511 57095.3 90597.8 -20164.6 455.154
75400 660.462 56863.5 90603.3 -20170 454.432
75500 660.555 56383.4 90608.8 -20176.2 454.496
75600 653.864 56082.3 90614.3 -20177.8 449.892
75700 646.318 56108.2 90619.8 -20178.8 444.701
75800 642.636 55566.9 90625.4 -20182.3 442.167
75900 635.154 55520 90630.9 -20183.2 437.019
76000 636.512 55136.4 90636.4 -20190.3 437.953
76100 621.395 55123.5 90642 -20186 427.552
76200 625.324 54526.1 90647.5 -20194.8 430.256
76300 626.438 54236.2 90653.1 -20201.6 431.022
76400 610.237 54032.5 90658.6 -20196.4 419.874
76500 606.269 53570.6 90664.2 -20199.7 417.145
76600 610.612 53434.1 90669.7 -20208.7 420.132
76700 607.203 53302.1 90675.3 -20212.3 417.787
76800 600.353 53083 90680.8 -20213.6 413.074
76900 605.669 52384 90686.4 -20223.3 416.731
77000 598.405 52251.8 90692 -20224.3 411.734
77100 588.73 52068.1 90697.5 -20223.7 405.076
77200 588.16 51783.9 90703.1 -20229.2 404.685
77300 572.425 51739.5 90708.7 -20224.4 393.858
77400 575.91 51611.7 90714.3 -20232.7 396.256
77500 566.047 51259.9 90719.8 -20231.9 389.47
77600 574.199 50815.9 90725.4 -20243.4 395.079
77700 572.704 50473.5 90731 -20248.2 394.05
77800 563.592 50407.2 90736.6 -20247.8 387.78
77900 560.745 50032 90742.2 -20251.8 385.822
78000 556.086 49809.5 90747.8 -20254.5 382.616
78100 553.088 49640.6 90753.4 -20258.4 380.553
78200 544.714 49211.8 90758.9 -20258.6 374.791
78300 536.258 49198.1 90764.5 -20258.6 368.974
78400 537.041 48994.6 90770.1 -20265 369.512
78500 530.801 48790.1 90775.7 -20266.6 365.218
78600 533.646 48337 90781.3 -20274.3 367.176
78700 523.008 48432.2 90786.9 -20272.8 359.857
78800 525.502 48054.4 90792.5 -20280.3 361.573
78900 521.558 47607.4 90798.1 -20283.4 358.859
79000 517.879 47115.8 90803.7 -20286.7 356.327
79100 505.693 47350.3 90809.3 -20284 347.943
79200 506.886 47070.8 90814.9 -20290.6 348.764
79300 508.717 46339 90820.6 -20297.6 350.024
79400 500.145 46211.3 90826.2 -20297.5 344.125
79500 495.909 45841.8 90831.8 -20300.3 341.211
79600 486.046 45824.6 90837.4 -20299.3 334.425
79700 489.442 45473.2 90843 -20307.3 336.762
79800 486.754 44822 90848.6 -20311.2 334.912
79900 480.582 44959 90854.2 -20312.7 330.666
80000 479.636 44634.6 90859.8 -20317.8 330.014
80100 477.656 44329.3 90865.4 -20322.2 328.652
80200 477.301 43917.2 90871 -20327.7 328.407
80300 470.223 43483.8 90876.7 -20328.6 323.538
80400 468.567 43598.3 90882.3 -20333.3 322.398
80500 464.062 43152 90887.9 -20335.9 319.298
80600 455.634 43160.3 90893.5 -20335.9 313.5
80700 456.516 42782 90899.1 -20342.2 314.106
80800 449.438 42561.4 90904.7 -20343 309.237
80900 446.029 42321.9 90910.3 -20346.4 306.891
81000 440.686 42004.9 90915.9 -20348.5 303.215
81100 433.138 41974.2 90921.5 -20349 298.021
81200 429.685 41522 90927.1 -20352.3 295.645
81300 439.036 40950 90932.7 -20364.4 302.079
81400 430.683 41049.4 90938.4 -20364.3 296.332
81500 423.828 40703.5 90944 -20365.3 291.616
81600 417.44 40392.6 90949.6 -20366.6 287.22
81700 414.546 40416.6 90955.2 -20370.2 285.229
81800 410.804 40101.1 90960.8 -20373.2 282.655
81900 407.1 39707.5 90966.4 -20376.3 280.106
82000 405.655 39588.4 90972 -20380.9 279.111
82100 396.699 39271.1 90977.6 -20380.3 272.95
82200 394.213 38806.1 90983.2 -20384.2 271.239
82300 391.4 38812.5 90988.8 -20387.9 269.303
82400 394.512 38529 90994.4 -20395.6 271.445
82500 380.707 38370.5 90999.9 -20391.6 261.946
82600 382.842 38207.7 91005.5 -20398.6 263.415
82700 378.479 37916.6 91011.1 -20401.1 260.413
82800 372.824 38024.2 91016.7 -20402.8 256.522
82900 366.923 37578 91022.3 -20404.2 252.462
83000 360.526 37410.8 91027.9 -20405.3 248.06
83100 358.039 36992.8 91033.5 -20409.1 246.349
83200 355.272 36794.8 91039 -20412.7 244.445
83300 350.324 36653.8 91044.6 -20414.7 241.041
83400 351.352 36153.7 91050.2 -20420.9 241.748
83500 345.124 36271.9 91055.8 -20422 237.463
83600 345.037 35567.5 91061.3 -20427.4 237.403
83700 336.578 35617.2 91066.9 -20427 231.583
83800 330.239 35406.7 91072.5 -20428.1 227.222
83900 329.224 35288.9 91078 -20432.9 226.523
84000 325.636 34834.2 91083.6 -20435.8 224.054
84100 323.576 34540.8 91089.2 -20439.8 222.637
84200 323.926 34340.8 91094.7 -20445.4 222.878
84300 313.663 34137.3 91100.3 -20443.8 215.817
84400 315.962 33787 91105.8 -20450.8 217.398
84500 307.756 33635.7 91111.4 -20450.5 211.752
84600 305.934 33502.2 91116.9 -20454.6 210.498
84700 298.966 33521 91122.4 -20455.2 205.704
84800 301.885 32905.4 91128 -20462.5 207.712
84900 293.5 32731.3 91133.5 -20462.2 201.943
85000 290.146 32568.3 91139 -20465.2 199.635
85100 284.229 32444 91144.6 -20466.5 195.564
85200 286.153 32104 91150.1 -20473.2 196.888
85300 276.207 32162 91155.6 -20471.7 190.045
85400 273.757 31844.7 91161.1 -20475.3 188.359
85500 273.871 31200.7 91166.6 -20480.7 188.438
85600 268.425 31090 91172.1 -20482.3 184.69
85700 262.06 30931.5 91177.6 -20483.2 180.311
85800 255.804 31044.7 91183.1 -20484.2 176.006
85900 259.769 30613.9 91188.6 -20492.2 178.734
86000 253.335 30625.7 91194.1 -20493.1 174.307
86100 244.977 30527.6 91199.6 -20492.6 168.557
86200 247.203 30090.2 91205.1 -20499.4 170.088
86300 240.218 29753.9 91210.6 -20499.9 165.282
86400 236.932 29710.9 91216.1 -20502.9 163.022
86500 233.364 29584.5 91221.5 -20505.7 160.566
86600 232.454 29149.5 91227 -20510.4 159.941
86700 224.679 28839.1 91232.5 -20510.3 154.591
86800 220.851 28878.4 91237.9 -20512.9 151.957
86900 217.295 28526.3 91243.4 -20515.7 149.51
87000 215.655 28242.7 91248.8 -20519.8 148.382
87100 215.34 27871 91254.3 -20524.9 148.165
87200 207.177 27661.3 91259.7 -20524.6 142.548
87300 205.533 27572.5 91265.1 -20528.7 141.418
87400 201.982 27037.5 91270.6 -20531.5 138.974
87500 198.622 27036.4 91276 -20534.5 136.662
87600 190.979 27002.1 91281.4 -20534.6 131.404
87700 191.761 26615.5 91286.8 -20540.4 131.942
87800 185.318 26498 91292.2 -20541.3 127.509
87900 182.562 26177.4 91297.6 -20544.8 125.612
88000 180.118 25851.8 91303 -20548.4 123.931
88100 177.362 25619.6 91308.4 -20551.9 122.034
88200 170.467 25604.2 91313.8 -20552.5 117.29
88300 167.215 25226.9 91319.2 -20555.7 115.052
88400 160.625 25133.5 91324.6 -20556.6 110.518
88500 161.44 24758.5 91329.9 -20562.6 111.079
88600 156.367 24561.6 91335.3 -20564.6 107.589
88700 151.812 24387.6 91340.7 -20567.1 104.454
88800 149.02 24202.5 91346 -20570.8 102.533
88900 144.87 23909.2 91351.4 -20573.6 99.6779
89000 138.312 24010.1 91356.7 -20574.8 95.1656
89100 134.826 23702.8 91362.1 -20578.2 92.7672
89200 131.485 23095 91367.4 -20581.8 90.4687
89300 128.85 22934.8 91372.7 -20586.1 88.6553
89400 122.839 22743.1 91378 -20588.2 84.5194
89500 117.419 22496.1 91383.3 -20590.9 80.7902
89600 113.481 22059.4 91388.7 -20594.9 78.081
89700 110.342 21790.1 91394 -20599.8 75.9209
