# Time-averaged data for fix data_saving
# TimeStep c_mytemp c_mypress v_myvol c_PE c_KE
0 1100 20681.4 87825.6 -20796.8 756.857
100000 1087.39 36455 91668.1 -20063.6 748.177
200000 1079.93 10573 96032.2 -19942.7 743.048
300000 1088.45 24112.2 98436.3 -19559.2 748.91
400000 1071.83 7332.81 101574 -19467.9 737.473
500000 1088.47 -285.106 103079 -19420.5 748.925
600000 1096.08 -2912.86 103330 -19433.1 754.16
700000 1090.34 -1034.04 103032 -19441 750.207
800000 1075.44 573.445 102839 -19438 739.96
900000 1107.52 1148.62 102868 -19426.2 762.031
1000000 1080.98 474.29 102980 -19417.1 743.769
1100000 1087.89 -877.866 102999 -19444.3 748.525
1200000 1099.48 716.771 102921 -19427.4 756.502
1300000 1109.62 593.929 102876 -19435.4 763.474
1400000 1095.07 750.194 102880 -19428.5 753.464
1500000 1101.06 1149.01 102902 -19429.1 757.585
1600000 1103.9 -149.803 102898 -19445.7 759.541
1700000 1085.43 697.152 102865 -19434.5 746.834
1800000 1097.78 -374.65 102873 -19449.6 755.331
1900000 1073.32 -49.4156 102890 -19434.1 738.501
2000000 1085.5 902.851 102864 -19431.1 746.881
2100000 1067.16 -585.958 102818 -19458.2 734.26
2200000 1068.31 -274.091 102807 -19449.9 735.054
2300000 1060.97 861.74 102809 -19438.2 730.005
2400000 1089.49 1018.12 102809 -19433.3 749.627
2500000 1066.36 -104.056 102792 -19450.2 733.71
2600000 1087.47 -51.3031 102779 -19455.1 748.232
2700000 1094.33 862.03 102755 -19436.3 752.958
2800000 1054.05 -776.437 102775 -19460.5 725.239
2900000 1069.8 -88.1976 102752 -19451.6 736.079
3000000 1071.38 -115.493 102708 -19458.7 737.162
3100000 1048.54 -602.499 102714 -19470 721.448
3200000 1069.8 -838.401 102762 -19463.8 736.079
3300000 1068.8 -613.947 102732 -19465.4 735.387
3400000 1065.53 -499.607 102687 -19474.7 733.139
3500000 1070.18 898.178 102655 -19452.6 736.341
3600000 1078.88 382.203 102673 -19455.8 742.326
3700000 1083.55 -1378.36 102695 -19473.8 745.539
3800000 1081.73 1311.75 102666 -19444.2 744.284
3900000 1051.03 -546.361 102654 -19466.7 723.161
4000000 1072.08 488.258 102636 -19459 737.645
4100000 1063.91 1164.11 102629 -19448.1 732.026
4200000 1041.14 101.701 102624 -19461.6 716.358
4300000 1045.85 -578.04 102598 -19473.4 719.597
4400000 1063.59 772.883 102605 -19452.8 731.808
4500000 1049.76 -355.784 102625 -19465.7 722.292
4600000 1058.69 173.873 102589 -19465.8 728.435
4700000 1057.62 1092.41 102551 -19455.1 727.699
4800000 1066.86 317.107 102575 -19460.9 734.058
4900000 1041.95 -1073.07 102572 -19482.3 716.914
5000000 1065.84 449.828 102496 -19472 733.351
5100000 1040.35 21.9633 102485 -19475.7 715.812
5200000 1032.73 -791.308 102527 -19491.3 710.571
5300000 1047.33 716.862 102535 -19461.9 720.617
5400000 1063.95 911.077 102505 -19466.9 732.052
5500000 1040.39 -118.237 102471 -19480.2 715.841
5600000 1041.23 282.325 102474 -19476.7 716.422
5700000 1038.72 -660.2 102456 -19494.8 714.691
5800000 1049.32 217.371 102410 -19485.8 721.989
5900000 1045.94 744.601 102431 -19473.6 719.662
6000000 1037.24 421.746 102472 -19474.8 713.674
6100000 1050.78 59.9929 102433 -19480.5 722.993
6200000 1040.77 -28.8591 102376 -19490.1 716.105
6300000 1050.53 769.334 102365 -19481.6 722.817
6400000 1028.28 196.454 102411 -19478.8 707.507
6500000 1028.2 -506.702 102413 -19489.4 707.455
6600000 1027.59 0.641276 102339 -19490.2 707.032
6700000 1027.02 -362.688 102314 -19503.7 706.644
6800000 1019.22 495.648 102333 -19487.8 701.275
6900000 1027.55 -716.35 102395 -19501.4 707.009
7000000 1011.1 -493.245 102335 -19500.8 695.692
7100000 1017.68 -80.8118 102231 -19503.1 700.217
7200000 1012.09 -12.175 102257 -19498.3 696.374
7300000 1033.62 -121.048 102366 -19494.5 711.187
7400000 1018.95 -53.5576 102374 -19497.1 701.091
7500000 1035.49 908.253 102214 -19499 712.471
7600000 1029.43 1387.17 102100 -19495 708.301
7700000 1010.78 150.838 102252 -19502 695.472
7800000 1019.54 -1170.26 102420 -19502.9 701.496
7900000 1034.59 230.917 102280 -19499.6 711.852
8000000 1024.12 876.819 102000 -19514.8 704.65
8100000 1030.44 921.734 102067 -19512.3 708.997
8200000 1016.47 -1597.64 102426 -19505.1 699.386
8300000 1024.82 -591.946 102433 -19488.1 705.13
8400000 1029.72 1579.93 102006 -19509.6 708.5
8500000 1028.62 1973.7 101847 -19522.4 707.743
8600000 1009.14 -49.0942 102274 -19498.9 694.339
8700000 1010.23 -1435.02 102594 -19488.4 695.091
8800000 1011.3 -1211.52 102200 -19520.8 695.825
8900000 1016.8 2097.64 101665 -19531.2 699.609
9000000 993.842 1648.33 101883 -19523.7 683.814
9100000 1008.22 -2177.39 102505 -19500.3 693.705
9200000 998.857 -2225.11 102454 -19508.8 687.265
9300000 973.524 165.653 101818 -19536.7 669.835
9400000 1005.73 1616.47 101636 -19542.7 691.996
9500000 1012.23 -366.664 102136 -19517.4 696.467
9600000 1013.62 -2825.21 102477 -19518 697.42
9700000 1002.79 43.0767 102148 -19516.6 689.972
9800000 1015.04 1883.74 101713 -19537.6 698.402
9900000 990.882 992.284 101843 -19530.9 681.778
10000000 1009.64 -1918.07 102250 -19524.6 694.687
10100000 984.099 -1157.98 102210 -19522.8 677.111
10200000 993.306 1231.43 101843 -19524.7 683.446
10300000 994.948 1638.89 101752 -19531.2 684.576
10400000 984.976 -343.393 102028 -19525.1 677.714
10500000 979.635 -1757.58 102166 -19532.2 674.04
10600000 1008.53 789.733 101967 -19523.9 693.923
10700000 1002.01 509.376 101787 -19548.2 689.435
10800000 994.941 824.507 101833 -19535.5 684.571
10900000 990.163 -1418.04 102012 -19545.5 681.284
11000000 983.504 -2390.96 102020 -19556.4 676.702
11100000 1007.44 956.409 101828 -19536.2 693.171
11200000 1021.57 780.047 101798 -19542.5 702.892
11300000 988.795 698.276 101899 -19531.7 680.342
11400000 990.396 892.96 101943 -19523.7 681.444
11500000 994.662 -772.189 101837 -19554.1 684.379
11600000 964.948 489.372 101754 -19543.1 663.934
11700000 981.762 427.579 101813 -19545.1 675.503
11800000 976.7 -334.56 101888 -19539.9 672.02
11900000 998.307 -242.029 101829 -19553.5 686.887
12000000 976.623 270.427 101744 -19547.1 671.967
12100000 958.12 -239.892 101775 -19548.3 659.236
12200000 979.128 -497.353 101818 -19559.1 673.691
12300000 972.339 -989.505 101793 -19555.7 669.02
12400000 978.325 -228.641 101756 -19557.5 673.138
12500000 966.822 -882.27 101718 -19570.7 665.224
12600000 977.892 593.452 101677 -19553.2 672.84
12700000 971.043 -768.259 101721 -19559.1 668.128
12800000 980.765 -522.269 101786 -19549.7 674.817
12900000 982.917 -1079.39 101749 -19562.6 676.298
13000000 975.865 199.765 101633 -19560.3 671.446
13100000 981.24 376.313 101586 -19562.4 675.144
13200000 981.7 -29.3148 101695 -19559.6 675.46
13300000 962.113 -1466.12 101764 -19570.1 661.984
13400000 969.245 -138.122 101641 -19564.8 666.89
13500000 956.612 1157.73 101539 -19557.6 658.199
13600000 934.15 210.381 101603 -19567.5 642.743
13700000 970.389 -1563.37 101678 -19587 667.678
13800000 978.102 -13.1216 101643 -19560.3 672.985
13900000 951.834 290.397 101547 -19566.6 654.911
14000000 975.088 365.38 101528 -19576.3 670.911
14100000 954.258 -182.739 101581 -19568.5 656.579
14200000 972.862 850.706 101601 -19559.7 669.379
14300000 963.943 -70.4501 101544 -19570.8 663.242
14400000 955.306 -233.215 101510 -19576.7 657.3
14500000 968.249 39.7828 101491 -19579.3 666.205
14600000 959.314 1253.13 101513 -19569.6 660.058
14700000 950.883 -293.541 101564 -19572.1 654.256
14800000 949.822 213.112 101538 -19570.3 653.527
14900000 961.692 -219.645 101430 -19583.7 661.694
15000000 964.309 26.0791 101425 -19584.5 663.495
15100000 930.461 -1262.49 101481 -19596.9 640.205
15200000 945.031 -202.804 101504 -19580.4 650.23
15300000 950.745 -371.969 101435 -19590 654.162
15400000 943.085 619.534 101344 -19587.8 648.891
15500000 959.624 608.827 101399 -19585 660.271
15600000 956.82 -283.461 101511 -19584.1 658.341
15700000 936.174 476.96 101432 -19576.8 644.136
15800000 956.367 436.582 101249 -19594.6 658.03
15900000 937.34 1358.32 101251 -19581.1 644.939
16000000 942.3 -310.431 101503 -19584.5 648.351
16100000 942.537 -807.294 101510 -19581.1 648.514
16200000 942.178 755.125 101183 -19604.7 648.267
16300000 932.517 1818.61 101072 -19594.8 641.62
16400000 936.617 -811.151 101395 -19598.8 644.441
16500000 953.296 -1742.4 101651 -19588.8 655.917
16600000 932.093 -1086.89 101329 -19604.9 641.329
16700000 929.663 2381.36 100874 -19608.9 639.656
16800000 926.594 1114.41 101099 -19605.4 637.545
16900000 928.841 -913.285 101651 -19579.8 639.09
17000000 943.16 -1765.48 101620 -19592.5 648.943
17100000 928.33 1139.95 100957 -19620.4 638.739
17200000 918.047 2815.87 100743 -19619.7 631.664
17300000 926.661 -495.909 101346 -19601.8 637.591
17400000 928.333 -2627.99 101719 -19588.4 638.741
17500000 930.764 -887.953 101276 -19610.2 640.414
17600000 900.972 835.285 100754 -19638.3 619.915
17700000 905.27 1161.62 100940 -19618.2 622.872
17800000 917.36 -774.34 101427 -19601.5 631.191
17900000 922.323 -1417.11 101417 -19605 634.606
18000000 909.982 808.299 101017 -19613.6 626.114
18100000 910.977 878.297 100858 -19630.8 626.8
18200000 924.541 -282.238 101133 -19615.7 636.132
18300000 933.082 -1448.51 101331 -19617.6 642.009
18400000 927.736 114.686 101158 -19617.8 638.33
18500000 911.501 1298.62 100915 -19624.3 627.16
18600000 903.699 -137.585 100938 -19641.8 621.792
18700000 906.355 -925.865 101153 -19627.2 623.619
18800000 913.57 -558.598 101218 -19614.6 628.583
18900000 900.565 -762.293 101008 -19637 619.635
19000000 908.506 539.002 100875 -19636.4 625.099
19100000 897.013 284.804 100997 -19622.6 617.192
19200000 915.796 -349.971 101110 -19628.6 630.115
19300000 906.664 37.3377 101038 -19625.6 623.832
19400000 911.93 682.971 100907 -19631.1 627.455
19500000 903.213 629.89 100924 -19628.3 621.457
19600000 897.882 -658.83 101019 -19636.3 617.79
19700000 898.209 -983.262 101033 -19640.3 618.015
19800000 897.068 16.0456 100919 -19636.8 617.229
19900000 913.156 547.741 100868 -19635.4 628.299
20000000 907.634 386.74 100927 -19631 624.499
20100000 896.586 -344.01 100968 -19631.9 616.898
20200000 876.335 -1157.86 100908 -19652 602.964
20300000 911.687 607.925 100848 -19638 627.288
20400000 910.555 -279.574 100863 -19645.7 626.509
20500000 897.016 -263.024 100906 -19644.4 617.193
20600000 900.806 -250.253 100880 -19646.2 619.801
20700000 894.698 -289.098 100800 -19645.8 615.598
20800000 911.873 803.098 100761 -19641.1 627.416
20900000 893.022 -393.609 100830 -19650.2 614.445
21000000 886.832 357.038 100909 -19639.1 610.186
21100000 905.425 319.048 100815 -19641.9 622.979
21200000 893.435 340.845 100711 -19652.8 614.73
21300000 877.926 947.12 100737 -19641.7 604.059
21400000 894.087 172.52 100838 -19640.9 615.178
21500000 866.503 -745.493 100797 -19660.4 596.199
21600000 897.68 -151.32 100673 -19659.9 617.65
21700000 893.425 -199.55 100691 -19668.5 614.723
21800000 879.903 43.3757 100742 -19653 605.419
21900000 879.959 -47.3309 100730 -19655.3 605.458
22000000 881.267 161.042 100663 -19665.6 606.357
22100000 873.093 137.103 100666 -19659 600.733
22200000 877.242 -817.984 100722 -19668.1 603.588
22300000 874.683 -287.268 100700 -19657.2 601.827
22400000 883.512 794.522 100596 -19659.7 607.902
22500000 878.739 -270.079 100576 -19673.6 604.618
22600000 864.695 -177.771 100639 -19660.5 594.955
22700000 892.896 292.342 100697 -19661.5 614.358
22800000 864.946 -608.641 100625 -19673 595.127
22900000 873.63 668.57 100515 -19672.2 601.102
23000000 867.993 680.334 100498 -19669.9 597.224
23100000 866.797 -817.958 100621 -19676.1 596.401
23200000 862.827 -838.93 100689 -19672.5 593.67
23300000 884.585 789.533 100559 -19666.9 608.64
23400000 849.701 953.71 100413 -19668.8 584.638
23500000 863.154 -712.728 100496 -19687.3 593.894
23600000 862.621 -205.704 100650 -19660.4 593.528
23700000 855.835 -1152.91 100617 -19681 588.859
23800000 851.202 -245.436 100410 -19684.8 585.671
23900000 867.122 487.779 100330 -19693.8 596.625
24000000 849.719 -295.816 100498 -19684.4 584.651
24100000 862.154 -426.961 100625 -19673.9 593.207
24200000 875.692 -1029.22 100469 -19696.9 602.521
24300000 836.859 946.214 100228 -19690.4 575.802
24400000 848.893 -92.2877 100298 -19697.8 584.082
24500000 845.897 -1009.34 100594 -19678.4 582.021
24600000 869.814 -563.937 100632 -19668.8 598.477
24700000 861.394 1674.46 100275 -19678 592.684
24800000 846.028 1942.18 100067 -19694.9 582.111
24900000 852.424 -83.7204 100405 -19694.1 586.512
25000000 869.651 -2331.58 100760 -19682.9 598.365
25100000 848.129 -335.786 100446 -19684 583.557
25200000 858.175 1016.04 99946.2 -19722.6 590.469
25300000 838.992 1280.48 100069 -19704.7 577.27
25400000 843.073 -1704.33 100623 -19689.4 580.078
25500000 850.989 -2800.13 100682 -19695.9 585.524
25600000 836.71 756.791 100111 -19706.6 575.7
25700000 854.207 2012.57 99872 -19712.5 587.739
25800000 844.828 -23.5231 100299 -19703.5 581.285
25900000 847.583 -2128.89 100627 -19691.9 583.181
26000000 842.929 -452.462 100335 -19705.4 579.979
26100000 822.546 968.887 99937.1 -19720 565.954
26200000 827.067 406.126 100026 -19721 569.065
26300000 857.092 -1249.43 100380 -19710.1 589.724
26400000 830.797 -1039.52 100396 -19707.5 571.631
26500000 822.906 -495.786 100090 -19720.3 566.202
26600000 844.32 914.051 99960.7 -19721.5 580.936
26700000 835.193 18.8755 100145 -19714 574.656
26800000 834.168 -2208.11 100315 -19728 573.951
26900000 836.076 -242.383 100186 -19713.9 575.264
27000000 836.879 1024.19 99965.7 -19720.4 575.816
27100000 830.708 899.803 100011 -19717.2 571.57
27200000 812.295 -527.88 100174 -19713.8 558.901
27300000 845.759 -65.8094 100189 -19713.5 581.926
27400000 822.93 370.048 100060 -19720.6 566.219
27500000 820.164 182.994 99943.8 -19729.1 564.315
27600000 840.09 112.72 100007 -19730 578.026
27700000 809.144 -400.675 100125 -19721.7 556.733
27800000 800.407 655.82 100065 -19712.2 550.722
27900000 815.372 984.643 99950.1 -19724.1 561.018
28000000 804.449 134.517 99988.7 -19727.9 553.503
28100000 821.009 225.402 100036 -19723.7 564.896
28200000 835.381 -357.332 99998.5 -19734.8 574.786
28300000 807.756 978.834 99917.8 -19723.9 555.778
28400000 829.175 627.345 99924.8 -19731 570.515
28500000 805.402 -347.436 99987.6 -19732.3 554.158
28600000 798.153 -97.9772 99992.4 -19730.4 549.171
28700000 819.866 359.978 99862.8 -19744 564.11
28800000 807.251 39.9372 99812.3 -19749 555.431
28900000 818.983 177.258 99903.5 -19736.2 563.503
29000000 799.758 -487.933 99990.2 -19738.5 550.275
29100000 814.085 -652.988 99908.2 -19754.9 560.133
29200000 827.333 219.367 99770.7 -19751.6 569.248
29300000 809.891 803.143 99770.9 -19738.6 557.247
29400000 807.689 -392.199 99908.5 -19745.5 555.732
29500000 805.84 -261.08 99906.6 -19740.4 554.459
29600000 791.497 138.667 99766 -19752.3 544.591
29700000 799.385 376.564 99701.4 -19752.9 550.018
29800000 808.836 -195.305 99795.2 -19752.7 556.521
29900000 803.879 -889.471 99875.9 -19753.5 553.11
30000000 813.805 -153.691 99789.8 -19752.2 559.94
30100000 783.905 -126.653 99671.7 -19769.3 539.367
30200000 805.048 -477.365 99689.4 -19769.6 553.915
30300000 803.46 -10.6832 99782.2 -19749.6 552.822
30400000 793.033 -1026.68 99823.4 -19760.4 545.648
30500000 794.771 -74.8754 99709.6 -19756.4 546.844
30600000 801.274 248.872 99595.8 -19765.6 551.318
30700000 777.888 249.82 99668.3 -19758.4 535.227
30800000 788.922 -552.024 99768.5 -19763.3 542.819
30900000 790.336 -655.811 99694.4 -19770.8 543.792
31000000 790.432 -157.711 99563.3 -19775.8 543.858
31100000 802.957 49.8555 99572.4 -19773.6 552.476
31200000 777.413 39.6764 99685.5 -19759.9 534.901
31300000 800.815 -929.418 99740.5 -19772.5 551.002
31400000 787.212 -1067.67 99621.1 -19777.9 541.643
31500000 780.504 589.756 99454.6 -19773.4 537.027
31600000 798.51 -5.2441 99536.8 -19779.5 549.416
31700000 772.252 -1020.2 99726.3 -19768.9 531.349
31800000 781.326 -34.6294 99650.1 -19768.9 537.593
31900000 765.836 593.519 99385.7 -19785.5 526.935
32000000 775.43 457.769 99350.4 -19788.1 533.536
32100000 779.552 -263.208 99597.5 -19782.3 536.372
32200000 775.57 -875.175 99713.2 -19771.7 533.632
32300000 801.822 -99.7793 99491.4 -19776.2 551.695
32400000 770.011 766.409 99275.7 -19789.6 529.807
32500000 769.273 1456.96 99389.5 -19774.3 529.3
32600000 769.291 -1230.14 99654.3 -19777.4 529.312
32700000 780.225 -1121.53 99585.1 -19787.6 536.835
32800000 782.652 1593.38 99270.9 -19786.1 538.505
32900000 775.995 1240.88 99249.2 -19792.7 533.924
33000000 780.416 -266.033 99549.9 -19777.9 536.967
33100000 778.525 -1138.72 99624.8 -19784.4 535.665
33200000 768.569 -4.82189 99309.3 -19797.6 528.815
33300000 769.755 1926.51 99100.1 -19796 529.631
33400000 759.14 -215.567 99348.7 -19792.3 522.327
33500000 775.218 -1263.28 99637.9 -19785.5 533.39
33600000 760.373 -386.756 99429.7 -19793.6 523.176
33700000 741.069 549.517 99048.3 -19810.6 509.893
33800000 755.724 1196.87 99107.5 -19807.7 519.977
33900000 769.524 -294.436 99486.4 -19788.5 529.472
34000000 784.625 -1594.27 99555.4 -19796.5 539.862
34100000 758.976 290.151 99202.1 -19810.6 522.214
34200000 762.895 1422.5 98984.2 -19813.1 524.911
34300000 738.986 599.912 99220.9 -19795.6 508.461
34400000 752.176 -1088.12 99487 -19800.6 517.536
34500000 745.615 467.487 99314.2 -19792.8 513.021
34600000 740.174 983.069 98976.7 -19818 509.278
34700000 746.864 1035.83 99031.9 -19813.2 513.881
34800000 756.791 -766.352 99351 -19804.8 520.711
34900000 751.353 -450.501 99350.6 -19796.4 516.97
35000000 740.701 -40.1073 99055.2 -19815 509.641
35100000 750.729 1705.89 98943.4 -19814.3 516.54
35200000 753.817 -1414.77 99176.4 -19827.6 518.665
35300000 751.529 -418.515 99324.9 -19803.7 517.091
35400000 733.173 660.102 99171.2 -19802.1 504.461
35500000 759.788 1192.32 98962.1 -19824.7 522.773
35600000 747.57 487.28 98990.1 -19826.4 514.367
35700000 738.382 -626.534 99189.2 -19817.5 508.045
35800000 730.576 -1018.31 99223.9 -19818.1 502.674
35900000 751.792 -531.514 99018.3 -19839.8 517.272
36000000 749.795 769.167 98907.4 -19833.3 515.898
36100000 749.288 135.441 99016.9 -19828.2 515.549
36200000 741.113 -1089.86 99161.4 -19827 509.924
36300000 727.428 2.95998 99077.5 -19823.4 500.508
36400000 725.843 1141.86 98874.8 -19832 499.417
36500000 742.291 451.981 98887.9 -19838.2 510.734
36600000 730.992 -135.438 99067.3 -19821.8 502.96
36700000 730.19 -937.94 99080.8 -19836.8 502.408
36800000 735.025 301.591 98898.7 -19836.4 505.735
36900000 736.83 518.938 98804.3 -19848.4 506.977
37000000 735.669 -455.843 98957.9 -19840.4 506.178
37100000 732.009 -714.979 99064.8 -19828.3 503.66
37200000 736.2 -310.446 98920.4 -19846.9 506.544
37300000 723.851 377.498 98751.9 -19847 498.047
37400000 722.868 600.924 98820.1 -19842.2 497.37
37500000 720.666 -1075.22 98978.2 -19844.5 495.856
37600000 736.892 396.313 98944.9 -19833.9 507.02
37700000 712.57 921.861 98787.4 -19837.3 490.285
37800000 718.743 827.549 98717.2 -19851.1 494.533
37900000 712.232 -1063.91 98825.2 -19860.2 490.053
38000000 724.992 -581.86 98900 -19851.3 498.832
38100000 715.265 285.35 98813.2 -19848.5 492.139
38200000 737.808 414.672 98687.7 -19857 507.65
38300000 713.263 480.424 98733.6 -19854.5 490.762
38400000 719.182 -912.626 98853.7 -19865.2 494.834
38500000 716.495 -443.071 98776.4 -19858.3 492.986
38600000 719.992 999.956 98659.6 -19855.7 495.392
38700000 726.507 271.641 98703.5 -19859.6 499.874
38800000 724.985 -256.626 98791.6 -19850.8 498.827
38900000 714.214 -236.265 98743.9 -19856 491.416
39000000 710.435 873.61 98618.7 -19854.6 488.816
39100000 721.599 -96.0461 98607.2 -19875.3 496.497
39200000 718.396 627.991 98699.4 -19853.2 494.294
39300000 714.715 -975.043 98750.5 -19870 491.761
39400000 697.465 301.505 98597.3 -19866.7 479.892
39500000 707.94 137.413 98501.1 -19882.6 487.099
39600000 715.045 487.099 98624.7 -19860.2 491.988
39700000 692.453 -2432.19 98775.5 -19882 476.443
39800000 695.221 201.733 98619 -19870.2 478.348
39900000 692.984 1370.12 98372.3 -19871.2 476.809
40000000 715.103 647.353 98430.5 -19879 492.028
40100000 700.439 -757.057 98707.1 -19873.5 481.938
40200000 685.413 -1689.03 98742.9 -19882 471.6
40300000 707.404 845.524 98437 -19877.8 486.731
40400000 693.911 1164.01 98258.3 -19886.7 477.447
40500000 702.081 799.427 98509.3 -19872.7 483.068
40600000 687.437 -1693.12 98780.2 -19879.1 472.992
40700000 677.37 -389.94 98550.7 -19881.2 466.066
40800000 687.504 1112.09 98191 -19894.5 473.038
40900000 679.811 459.873 98304.5 -19890.4 467.745
41000000 686.688 -1735.24 98679.4 -19884.8 472.477
41100000 687.733 -1276.92 98673.6 -19879.8 473.196
41200000 686.281 512.4 98253.3 -19900.7 472.197
41300000 684.447 2044.56 98090.3 -19900.7 470.935
41400000 678.742 -896.188 98441.7 -19900.2 467.01
41500000 693.718 -1656.69 98705.7 -19876.9 477.314
41600000 698.491 447.949 98425.7 -19886.6 480.598
41700000 692.398 1736.9 98089.1 -19901.3 476.406
41800000 695.959 1222.91 98199.7 -19903.3 478.856
41900000 681.167 -1255.05 98503.4 -19899.4 468.678
42000000 688.835 -893.36 98489.4 -19894.3 473.954
42100000 678.152 90.9596 98202.5 -19904.9 466.604
42200000 684.487 1549.68 98072.2 -19914 470.963
42300000 677.824 -114.851 98288.3 -19904.4 466.378
42400000 681.878 -909.634 98485 -19895.6 469.167
42500000 672.922 -481.589 98332.6 -19903.5 463.005
42600000 666.289 378.279 98081.8 -19914 458.441
42700000 677.577 305.739 98104.3 -19920.9 466.208
42800000 676.176 -1042.57 98316.1 -19915.6 465.244
42900000 672.358 -1502.17 98347.9 -19916.5 462.617
43000000 677.498 -357.274 98135.8 -19922.6 466.154
43100000 668.684 15.587 98017.8 -19930.1 460.09
43200000 677.018 76.9029 98174.4 -19918.3 465.823
43300000 662.761 -962.664 98304.9 -19913.8 456.014
43400000 672.21 -546.086 98197.9 -19920.5 462.515
43500000 662.287 454.343 98024.6 -19922.5 455.687
43600000 660.914 1596.32 98031.4 -19916.5 454.743
43700000 654.828 -688.204 98184.8 -19918.2 450.556
43800000 665.973 -759.402 98216.1 -19915.1 458.224
43900000 665.841 -34.6453 98048.9 -19932.9 458.133
44000000 680.119 606.952 97975.9 -19928.3 467.957
44100000 670.608 -132.257 98088.1 -19926.4 461.413
44200000 662.384 -1076.6 98137.7 -19926.2 455.754
44300000 656.993 616.887 98008.4 -19925.1 452.045
44400000 662.661 205.943 97916.8 -19944.2 455.945
44500000 655.302 -539.027 98008.6 -19943.3 450.882
44600000 656.993 -906.067 98104.7 -19935.7 452.045
44700000 649.124 1081.84 98031.5 -19920.4 446.631
44800000 650.758 600.892 97906.6 -19931.2 447.755
44900000 644.695 616.222 97883.5 -19941.8 443.584
45000000 650.571 -321.642 98008.3 -19936.3 447.626
45100000 657.49 -715.317 98060.8 -19935.3 452.387
45200000 644.226 37.1032 97908.4 -19939.5 443.261
45300000 662.012 433.888 97777.7 -19948.4 455.499
45400000 628.945 -318.503 97855.9 -19947.2 432.747
45500000 650.801 -872.245 97974 -19948.7 447.785
45600000 642.205 -1274.15 97944.4 -19952 441.87
45700000 646.991 102.662 97776.3 -19959.2 445.163
45800000 640.805 597.574 97767.4 -19946.8 440.907
45900000 635.519 -471.399 97902.8 -19949.6 437.27
46000000 634.545 -905.604 97909.6 -19950.1 436.6
46100000 643.143 843.15 97769.5 -19940.6 442.515
46200000 643.726 -146.376 97694.4 -19967.5 442.917
46300000 632.101 -252.081 97813.1 -19959.2 434.918
46400000 647.773 151.467 97870 -19952.9 445.701
46500000 642.337 787.861 97750.1 -19950.4 441.961
46600000 630.288 1204.45 97642.3 -19956.1 433.671
46700000 642.052 327.278 97721.7 -19962.2 441.765
46800000 630.836 -632.572 97849 -19950.9 434.048
46900000 626.516 -540.36 97793.5 -19961.7 431.075
47000000 641.882 719.071 97596.2 -19961.8 441.648
47100000 626.294 596.241 97581.9 -19969.2 430.923
47200000 625.665 -546.585 97743.8 -19968.6 430.49
47300000 620.218 -500.227 97800.1 -19957.9 426.742
47400000 629.344 88.2388 97644.2 -19969 433.021
47500000 624.108 1157.03 97470.6 -19972.1 429.418
47600000 623.053 176.621 97612.8 -19969.1 428.693
47700000 621.038 -1644.31 97778.9 -19978.5 427.306
47800000 620.02 -165.322 97635.2 -19971.6 426.606
47900000 619.31 1226 97438.2 -19973.1 426.117
48000000 632.212 -442.353 97504.8 -19990.1 434.994
48100000 619.529 -821.967 97694.2 -19975.1 426.268
48200000 624.602 -702.648 97694.2 -19973.6 429.758
48300000 613.512 507.219 97449.1 -19982.1 422.128
48400000 619.351 833.242 97350.1 -19988.7 426.145
48500000 622.56 24.3094 97564.4 -19978.7 428.354
48600000 620.989 -1582.39 97693.2 -19985.7 427.273
48700000 616.52 -45.6048 97514.8 -19986.2 424.198
48800000 609.721 1729.04 97285.8 -19984 419.519
48900000 608.988 -370.991 97382.3 -20002.3 419.015
49000000 619.554 -469.11 97621 -19978.6 426.285
49100000 600.345 -1438.21 97572.9 -19992.5 413.068
49200000 614.516 875.602 97304.9 -19993.2 422.819
49300000 595.948 738.119 97243.8 -20003.2 410.043
49400000 612.39 -454.407 97472.5 -19993.4 421.356
49500000 611.106 -1340.89 97593.6 -19995.6 420.473
49600000 615.838 461.906 97357.2 -19999.5 423.728
49700000 591.097 1459.31 97170.4 -19999.4 406.706
49800000 601.79 -609.066 97342.8 -20008.4 414.062
49900000 601.902 -1505.25 97549.1 -20001.4 414.14
50000000 600.672 -1443.1 97393.1 -20013.2 413.294
50100000 605.194 753.57 97146.7 -20008.1 416.405
50200000 609.49 731.035 97226.7 -20004.9 419.36
50300000 602.543 -1227.78 97475.6 -20005.7 414.581
50400000 596.321 -585.616 97414.8 -20001.7 410.3
50500000 608.224 804.727 97111.1 -20019.1 418.489
50600000 588.227 1120.3 97059.2 -20020.2 404.731
50700000 593.104 -975.136 97338.7 -20014.2 408.086
50800000 590.237 -1425.86 97439 -20013.6 406.114
50900000 591.2 -648.854 97194.7 -20023.3 406.776
51000000 586.264 932.172 96995 -20026.3 403.38
51100000 593.809 431.624 97163.7 -20010.9 408.571
51200000 588.999 -1574.03 97378.6 -20021 405.262
51300000 579.661 41.1595 97238.2 -20008.4 398.837
51400000 586.615 1011.21 96952.8 -20026.8 403.621
51500000 582.133 560.419 97005.5 -20033.9 400.538
51600000 593.841 -1078.89 97305.1 -20021.3 408.593
51700000 584.971 -1266.62 97322.6 -20024 402.49
51800000 577.266 773.137 96999.6 -20027 397.189
51900000 586.974 1185 96883.8 -20030.3 403.869
52000000 576.922 415.103 97136.8 -20021.6 396.952
52100000 572.91 -971.363 97283.4 -20020.9 394.192
52200000 578.732 -118.225 97047.4 -20033.7 398.197
52300000 571.729 400.178 96843 -20044.1 393.379
52400000 578.115 266.55 96997.5 -20032.7 397.773
52500000 574.671 -2.59702 97187.9 -20021.2 395.403
52600000 565.361 -952.159 97103.8 -20033.1 388.998
52700000 578.716 467.896 96870.4 -20045.1 398.187
52800000 573.681 -110.613 96869.5 -20050.2 394.722
52900000 566.084 -988.391 97061.7 -20041.5 389.495
53000000 566.777 -1127.92 97095.6 -20040.8 389.972
53100000 558.108 410.082 96876.4 -20047.2 384.007
53200000 572.729 777.867 96758.8 -20052.7 394.067
53300000 574.023 -343.794 96940.8 -20047.7 394.957
53400000 559.046 -1430.16 97085.3 -20047.3 384.653
53500000 563.783 -644.417 96948.1 -20048.4 387.912
53600000 564.571 533.536 96741 -20054.4 388.454
53700000 558.826 570.796 96790.1 -20052.4 384.501
53800000 552.217 -17.099 96969.6 -20044.5 379.954
53900000 562.52 -1178.69 96974.5 -20057.2 387.043
54000000 557.556 936.889 96746.3 -20056 383.627
54100000 551.846 620.787 96712.4 -20055.9 379.699
54200000 565.884 -686.098 96900.3 -20052.3 389.357
54300000 548.593 -1168.15 96953.6 -20057.3 377.46
54400000 547.816 -204.012 96753.6 -20066.4 376.926
54500000 554.372 1852.75 96617.5 -20056.9 381.437
54600000 552.381 0.324842 96768.5 -20061.4 380.067
54700000 549.511 -856.539 96889.6 -20062.6 378.092
54800000 560.272 -93.1348 96801.2 -20058.9 385.496
54900000 553.119 441.234 96630.1 -20068.1 380.575
55000000 551.503 -17.1935 96622.4 -20071.9 379.462
55100000 551.301 -450.853 96747.8 -20071.7 379.324
55200000 545.22 -1345.26 96795.4 -20075.5 375.139
55300000 540.449 -365.488 96663.6 -20075.2 371.857
55400000 552.393 424.077 96582.3 -20072.6 380.075
55500000 550.212 129.407 96648.6 -20071.1 378.574
55600000 541.648 -446.42 96700 -20072.2 372.682
55700000 546.754 21.28 96615.2 -20079.9 376.195
55800000 539.233 741.263 96506.2 -20076 371.02
55900000 543.337 -315.841 96613 -20082.5 373.844
56000000 542.234 -1320.3 96736 -20081.1 373.085
56100000 543.496 286.031 96630.4 -20074.4 373.953
56200000 541.682 561.558 96454.7 -20093.7 372.705
56300000 537.458 535.866 96512.2 -20079.1 369.799
56400000 537.569 -414.633 96684.1 -20075.3 369.875
56500000 544.611 -789.566 96623.2 -20084.6 374.721
56600000 530.992 532.689 96387.7 -20092.4 365.35
56700000 539.703 903.749 96401.7 -20087.5 371.343
56800000 532.549 -160.273 96585.4 -20081.7 366.421
56900000 536.422 -703.513 96595.1 -20087.3 369.086
57000000 526.711 699.536 96393.5 -20095.3 362.404
57100000 539.916 735.028 96344.1 -20096.5 371.49
57200000 529.091 -227.174 96506 -20097.2 364.042
57300000 530.107 -242.952 96553 -20090.1 364.741
57400000 527.59 192.551 96369.2 -20099.9 363.009
57500000 524.007 1553.54 96257.1 -20098.1 360.544
57600000 520.632 -297.582 96423 -20103 358.222
57700000 515.771 -503.535 96523.2 -20094.3 354.877
57800000 520.282 -727.81 96392.4 -20110.7 357.981
57900000 519.483 595.654 96242 -20108.5 357.431
58000000 521.378 161.319 96319 -20106 358.735
58100000 531.231 -1002.11 96466.7 -20103.7 365.514
58200000 517.13 -1408.85 96430.9 -20110.7 355.812
58300000 515.933 1070.73 96199.6 -20109.2 354.988
58400000 518.062 814.672 96156.6 -20113.7 356.454
58500000 513.649 -390.278 96306.8 -20111.1 353.417
58600000 512.302 -1677.28 96403.3 -20113.6 352.49
58700000 505.66 74.2919 96262.2 -20112.2 347.92
58800000 510.171 1032.9 96108.6 -20113.4 351.024
58900000 516.282 720.307 96169.8 -20116.8 355.229
59000000 515.863 -739.527 96371.3 -20114.3 354.94
59100000 504.8 -547.563 96328.4 -20111.9 347.329
59200000 508.743 901.108 96088 -20122.3 350.042
59300000 510.524 316.878 96068.7 -20131.4 351.267
59400000 505.374 -1283.56 96258.5 -20129.1 347.724
59500000 511.447 -1056.47 96234.8 -20132.8 351.902
59600000 496.72 392.16 96031.4 -20132.1 341.769
59700000 512.293 878.299 96016.9 -20132.4 352.484
59800000 500.185 -366.939 96192.9 -20128.9 344.153
59900000 486.974 -986.79 96256.5 -20123.9 335.063
60000000 510.719 114.087 96063 -20133.4 351.401
60100000 499.385 29.8412 95905.1 -20150.7 343.602
60200000 496.707 -3220.32 95746.8 -20192.8 341.76
60300000 495.248 -7495.7 94113.7 -20367.7 340.757
60400000 499.008 4072.95 92194.5 -20426.9 343.343
60500000 488.185 2349.86 92191.7 -20444.5 335.896
60600000 488.099 -1236.05 92720.7 -20432 335.838
60700000 493.446 -1407.37 92751.9 -20430.5 339.516
60800000 492.439 563.556 92429.1 -20441.3 338.823
60900000 489.199 1401.75 92376.7 -20437.1 336.595
61000000 489.673 116.017 92566.5 -20432 336.92
61100000 481.942 -333.476 92602.7 -20433.8 331.601
61200000 488.772 64.4977 92466 -20443.8 336.301
61300000 494.438 1052.35 92409.2 -20439.2 340.199
61400000 495.444 337.195 92500 -20437.5 340.891
61500000 486.377 -736.384 92532 -20444.5 334.653
61600000 485.759 80.1956 92452.6 -20446.8 334.227
61700000 482.067 491.462 92421.9 -20442.7 331.687
61800000 481.178 602.017 92462.3 -20441.2 331.076
61900000 477.45 -94.0532 92473.6 -20443.1 328.51
62000000 476.151 105.876 92434.7 -20445.3 327.616
62100000 476.342 239.969 92390.8 -20449.3 327.748
62200000 479.45 12.0978 92405.6 -20449.8 329.886
62300000 475.337 -643.749 92435.3 -20457.6 327.056
62400000 468.012 19.9041 92413.9 -20450.6 322.016
62500000 475.545 256.206 92382.6 -20450.5 327.199
62600000 472.239 510.393 92385.5 -20446.2 324.925
62700000 471.707 -193.1 92381.5 -20455.5 324.559
62800000 468.278 135.703 92367.1 -20452.7 322.199
62900000 467.033 222.1 92360.9 -20454.8 321.343
63000000 470.106 214.913 92341.5 -20454.5 323.457
63100000 473.74 177.407 92330.8 -20459.1 325.958
63200000 460.458 -77.168 92339.6 -20458.5 316.819
63300000 458.691 -127.309 92333.8 -20459.1 315.603
63400000 461.395 52.414 92316.5 -20462 317.463
63500000 462.943 593.472 92293.3 -20456.5 318.529
63600000 463.642 -323.094 92304.3 -20465 319.01
63700000 457.326 -169.816 92327.3 -20460.3 314.664
63800000 455.049 -324.671 92292.6 -20465.1 313.098
63900000 461.52 298.673 92237.1 -20467.5 317.55
64000000 460.636 124.225 92272.3 -20464.1 316.941
64100000 451.607 -390.816 92329.4 -20465.4 310.729
64200000 463.931 -238.349 92285.2 -20467.8 319.208
64300000 460.839 219.844 92233.3 -20464.7 317.081
64400000 458.806 88.8556 92247.4 -20466.8 315.682
64500000 467.427 -287.711 92269.4 -20470.6 321.614
64600000 461.525 434.671 92234.8 -20468.5 317.553
64700000 455.666 265.526 92194.4 -20470.4 313.522
64800000 451.9 304.115 92201.4 -20471.6 310.931
64900000 460.665 128.339 92240.6 -20471.5 316.962
65000000 446.955 -479.329 92239.8 -20474.5 307.528
65100000 445.516 122.265 92162.9 -20477.6 306.538
65200000 450.047 734.228 92149.7 -20470 309.656
65300000 441.501 -350.675 92210.5 -20477 303.775
65400000 444.796 -262.995 92214.4 -20473.7 306.043
65500000 443.544 843.008 92144.2 -20470 305.181
65600000 448.417 580.164 92126.5 -20475.4 308.534
65700000 442.535 43.4933 92172.2 -20478.4 304.487
65800000 442.592 -282.598 92170.4 -20479.6 304.526
65900000 437.659 -44.1985 92104.2 -20485.6 301.132
66000000 435.925 562.048 92101.1 -20477.7 299.939
66100000 436.965 -184.94 92150.8 -20481.7 300.654
66200000 438.334 -75.2986 92137.4 -20480.9 301.596
66300000 444.961 -63.1012 92063.3 -20490.3 306.156
66400000 436.25 618.938 92055.6 -20482.5 300.162
66500000 433.473 -417.205 92115.7 -20488.3 298.252
66600000 435.134 -353.923 92116.9 -20485.3 299.395
66700000 426.102 553.136 92029.7 -20486.4 293.18
66800000 439.877 323.327 92011.8 -20488.5 302.658
66900000 431.414 -807.129 92086.3 -20496.5 296.835
67000000 432.452 -466.849 92097.1 -20489.3 297.549
67100000 423.019 360.355 92009.8 -20490.1 291.059
67200000 433.032 310.324 91978.1 -20495.1 297.949
67300000 421.759 -524.047 92054.4 -20495.7 290.192
67400000 426.921 -919.625 92070.2 -20498.9 293.744
67500000 430.966 195.752 91975.7 -20495.8 296.527
67600000 423.333 350.645 91949.3 -20496.5 291.275
67700000 425.861 -579.338 92027.8 -20501.5 293.014
67800000 421.586 -518.363 92037.2 -20495.2 290.073
67900000 421.006 115.245 91947.6 -20498.9 289.674
68000000 419.177 264.499 91924.2 -20501.3 288.415
68100000 414.813 -472.935 91998.9 -20501.1 285.413
68200000 420.786 -148.906 92004.8 -20498.3 289.523
68300000 412.952 628.73 91915 -20497.6 284.133
68400000 421.697 -11.2569 91894.5 -20506.8 290.149
68500000 415.985 -199.237 91987.5 -20499.7 286.219
68600000 416.872 -583.181 91983.7 -20504.3 286.83
68700000 412.499 547.972 91862.1 -20503.5 283.821
68800000 415.553 403.02 91848.7 -20509.6 285.922
68900000 399.255 -595.721 91958.5 -20505.3 274.708
69000000 412.982 -719.128 91960.1 -20508.5 284.153
69100000 410.067 250.151 91831.6 -20509.3 282.147
69200000 412.576 814.359 91822 -20507.7 283.873
69300000 411.665 -541.831 91954.8 -20507.5 283.247
69400000 405.673 -149.365 91942.5 -20504.4 279.124
69500000 409.235 760.004 91794.7 -20509.3 281.575
69600000 396.915 605.13 91785.9 -20510.2 273.098
69700000 406.792 -529.885 91927.6 -20511.9 279.894
69800000 400.445 -342.56 91929.9 -20506.1 275.527
69900000 404.829 534.909 91754.6 -20514.5 278.543
70000000 399.772 804.745 91744.4 -20512.8 275.064
70100000 398.802 -881.48 91917.9 -20517 274.396
70200000 400.283 -504.95 91905 -20512.4 275.416
70300000 400.086 435.254 91704.5 -20524.5 275.28
70400000 391.689 626.532 91707 -20517.4 269.502
70500000 392.366 -1165.73 91906.4 -20518.9 269.968
70600000 397.011 -531.417 91883.5 -20516.2 273.164
70700000 391.931 1085.67 91648.9 -20518.4 269.669
70800000 391.62 967.027 91660.5 -20523.7 269.455
70900000 396.944 -1101.43 91891.3 -20521.1 273.118
71000000 387.74 -931.409 91869.8 -20521.7 266.785
71100000 383.22 776.849 91617 -20530.9 263.675
71200000 392.85 1229.47 91631.4 -20523.9 270.301
71300000 379.467 -1596.94 91873.2 -20529.9 261.093
71400000 382.012 -1044.1 91842.1 -20525.9 262.844
71500000 382.8 848.829 91583.8 -20532.7 263.386
71600000 385.871 854.238 91599.1 -20528.8 265.499
71700000 386.074 -1102.2 91839 -20527.3 265.639
71800000 384.89 -683.339 91799.9 -20526.5 264.824
71900000 383.807 1373.94 91555.6 -20530.1 264.079
72000000 380.251 729.961 91584.7 -20534.5 261.632
72100000 381.302 -755.741 91815.9 -20526 262.355
72200000 382.328 -927.753 91761.1 -20533.3 263.062
72300000 378.709 1357.41 91527.6 -20530.9 260.572
72400000 376.223 785.338 91576.5 -20533.1 258.861
72500000 373.889 -1504.54 91797.2 -20537 257.255
72600000 374.694 -904.938 91720.2 -20537.7 257.809
72700000 369.109 1326.64 91486.7 -20533.7 253.966
72800000 376.007 515.394 91548.3 -20539.4 258.712
72900000 371.569 -1301.8 91770.7 -20534.5 255.659
73000000 366.481 -935.637 91695.1 -20538.3 252.158
73100000 375.497 1166.13 91464.5 -20541.2 258.361
73200000 368.627 467.701 91536.1 -20541.1 253.634
73300000 377.385 -1533.68 91734.4 -20543.7 259.66
73400000 363.991 -500.151 91656.2 -20539.2 250.444
73500000 356.956 892.375 91454 -20541.7 245.604
73600000 366.353 430.812 91513 -20545.1 252.07
73700000 362.519 -933.562 91685.5 -20541.7 249.432
73800000 353.939 -618.366 91616.4 -20546.1 243.529
73900000 359.112 1056.66 91440.9 -20545.8 247.087
74000000 363.581 508.748 91498.7 -20544.9 250.163
74100000 362.922 -639.454 91643.1 -20543.1 249.709
74200000 361.414 -481.597 91580.5 -20548.7 248.672
74300000 359.696 846.279 91431.7 -20547.1 247.49
74400000 361.524 228.766 91484.5 -20552.4 248.747
74500000 352.753 -241.908 91598.1 -20544 242.712
74600000 350.734 -421.207 91529.5 -20551.9 241.323
74700000 356.734 512.346 91414.6 -20553.9 245.451
74800000 354.445 166.072 91474.9 -20553 243.877
74900000 348.347 -307.173 91557.8 -20548 239.681
75000000 346.55 408.711 91485.9 -20547.9 238.445
75100000 349.335 616 91400.3 -20555 240.36
75200000 351.522 -85.3815 91460.2 -20558 241.865
75300000 358.266 -688.493 91525.7 -20558 246.505
75400000 348.942 31.5812 91447.5 -20558.5 240.09
75500000 342.433 486.677 91383.6 -20557.4 235.611
75600000 339.898 -150.269 91446.7 -20558.3 233.867
75700000 343.505 -923.685 91492.8 -20564 236.349
75800000 341.627 341.109 91404.1 -20557 235.057
75900000 338.556 512.709 91351.7 -20563.8 232.944
76000000 341.764 -330.49 91441.1 -20562.2 235.151
76100000 334.524 -461.358 91475.4 -20560.6 230.17
76200000 341.799 67.1525 91369.5 -20565.5 235.175
76300000 336.748 788.441 91316.6 -20563.3 231.7
76400000 337.369 -198.668 91405.8 -20563.8 232.127
76500000 338.91 -539.239 91444.4 -20563.9 233.188
76600000 341.744 331.268 91339 -20568.1 235.138
76700000 328.426 359.616 91302.3 -20568.5 225.974
76800000 328.225 -569.264 91388.3 -20570 225.836
76900000 325.907 -395.055 91397.4 -20564.9 224.241
77000000 333.608 538.43 91311.6 -20566.4 229.539
77100000 328.428 290.623 91293.4 -20570 225.976
77200000 324.4 -447.416 91362.9 -20572.2 223.204
77300000 327.188 -268.051 91364.5 -20571.2 225.123
77400000 327.836 401.605 91283 -20571.1 225.568
77500000 330.825 294.978 91272.5 -20575.5 227.625
77600000 321.138 16.3536 91337.5 -20568 220.96
77700000 321.798 -396.294 91330.6 -20576 221.414
77800000 320.227 114.339 91255.9 -20577.1 220.332
77900000 321.452 250.595 91251.1 -20575.4 221.175
78000000 325.691 -522.58 91308.7 -20579.5 224.092
78100000 325.493 -383.508 91294.5 -20581.6 223.956
78200000 316.367 430.382 91227.9 -20578 217.677
78300000 323.014 134.307 91235 -20581.8 222.25
78400000 321.321 -543.006 91287.3 -20583 221.085
78500000 310.115 -43.5826 91264.7 -20577.3 213.375
78600000 313.993 499.785 91191.9 -20581 216.044
78700000 314.343 114.09 91211.5 -20582.3 216.284
78800000 314.292 -514.088 91262 -20586.1 216.249
78900000 307.187 -254.024 91228.4 -20585.6 211.36
79000000 312.052 521.677 91167.7 -20581.8 214.708
79100000 308.362 9.40824 91193.5 -20586.2 212.169
79200000 297.99 -588.119 91239.3 -20585.9 205.032
79300000 299.724 131.011 91195.5 -20585 206.226
79400000 304.063 479.738 91139.2 -20584.2 209.211
79500000 305.504 122.047 91167.6 -20587.3 210.202
79600000 302.042 -374.432 91214.3 -20587 207.821
79700000 301.999 -370.408 91165.9 -20593.8 207.791
79800000 302.549 298.862 91106.1 -20593.3 208.17
79900000 301.125 88.8285 91148.3 -20589.8 207.19
80000000 303.264 -648.629 91197.5 -20594 208.661
