# Time-averaged data for fix data_saving
# TimeStep c_mytemp c_mypress v_myvol c_PE c_KE
0 1100 34826 87825.6 -20800.7 756.857
100000 1083.47 42229.1 92187.7 -20142.7 745.482
200000 1082.51 17458.9 96911.7 -19986.9 744.826
300000 1071.5 14181.2 100733 -19680.4 737.247
400000 1099.96 2779.86 102986 -19598 756.827
500000 1104.97 -2028.24 103790 -19590.5 760.277
600000 1082.67 -1467.72 103753 -19584.7 744.934
700000 1084.26 -1160.44 103504 -19601.8 746.027
800000 1119.19 1365.95 103426 -19584.3 770.061
900000 1092.82 630.366 103503 -19581.5 751.917
1000000 1076.43 -451.276 103558 -19587.7 740.642
1100000 1096.01 407.265 103506 -19583.6 754.109
1200000 1063.63 391.816 103464 -19585.8 731.834
1300000 1069.18 -33.0087 103448 -19593.9 735.649
1400000 1072.31 652.443 103431 -19590 737.803
1500000 1095.5 1037.24 103425 -19580.7 753.761
1600000 1092.35 492.147 103461 -19589.5 751.594
1700000 1085.99 -44.8217 103455 -19596.3 747.221
1800000 1089.62 -258.77 103399 -19604.4 749.715
1900000 1077.02 -734.589 103376 -19611 741.048
2000000 1082.33 -519.048 103363 -19606.4 744.696
2100000 1067.73 -12.5172 103370 -19597.3 734.651
2200000 1079.85 -163.585 103377 -19607.8 742.993
2300000 1089.49 765.031 103386 -19588.8 749.624
2400000 1069.67 171.127 103347 -19603.1 735.989
2500000 1098.4 466.281 103299 -19603 755.756
2600000 1104.18 494.54 103312 -19602.6 759.736
2700000 1095.59 -820.441 103316 -19615.6 753.823
2800000 1072.52 6.25363 103310 -19607.4 737.951
2900000 1057.52 -700.684 103318 -19611.2 727.628
3000000 1055.85 624.074 103280 -19595.7 726.478
3100000 1072 717.941 103216 -19606.7 737.591
3200000 1061.24 -914.212 103236 -19630.5 730.188
3300000 1079.04 -92.5734 103280 -19617.6 742.432
3400000 1065.47 -996.591 103255 -19627.8 733.098
3500000 1073.46 832.811 103198 -19607.2 738.594
3600000 1059.41 -191.737 103194 -19623 728.926
3700000 1064.67 321.806 103198 -19611 732.547
3800000 1075.85 -212.705 103212 -19618.9 740.241
3900000 1065.57 829.558 103192 -19606.6 733.169
4000000 1052.9 60.8441 103185 -19621.6 724.452
4100000 1060.42 303.524 103182 -19612.5 729.624
4200000 1054.24 258.366 103134 -19617.2 725.373
4300000 1067.33 625.143 103133 -19619.5 734.381
4400000 1064.35 930.157 103150 -19610.7 732.329
4500000 1064.08 21.6107 103158 -19621.7 732.141
4600000 1040.41 -519.702 103122 -19628.5 715.857
4700000 1043 -226.27 103098 -19628.9 717.636
4800000 1061.43 -915.759 103119 -19638.9 730.318
4900000 1059.08 718.474 103118 -19620.2 728.703
5000000 1024.09 -456.028 103099 -19638.5 704.627
5100000 1064.73 454.002 103074 -19623.6 732.591
5200000 1050.13 -825.414 103051 -19640.8 722.546
5300000 1054.2 124.733 103068 -19630.5 725.345
5400000 1067.32 -132.614 103075 -19632.1 734.374
5500000 1051.85 475.685 103032 -19635.6 723.73
5600000 1036.53 481.283 102995 -19639.4 713.186
5700000 1045.81 115.375 102992 -19634.1 719.571
5800000 1044.59 -979.823 103008 -19651.3 718.73
5900000 1039.45 -484.139 103013 -19641.5 715.195
6000000 1051.28 -481.093 102951 -19652.7 723.333
6100000 1051.47 -158.461 102901 -19652.3 723.465
6200000 1049.92 75.9231 102928 -19649.8 722.4
6300000 1024.67 -20.879 102976 -19638.6 705.027
6400000 1037.06 865.206 102984 -19627.9 713.548
6500000 1041.65 -513.258 102891 -19654.2 716.708
6600000 1033.3 -49.1956 102825 -19661.4 710.962
6700000 1035.53 -532.533 102884 -19661.6 712.499
6800000 1040 -143.103 102953 -19642.9 715.576
6900000 1042.31 529.881 102910 -19644.6 717.164
7000000 1013.3 -538.504 102826 -19664.2 697.201
7100000 1031 646.446 102807 -19652.2 709.38
7200000 1009.82 26.4408 102848 -19647.7 694.807
7300000 1039.68 -447.269 102872 -19662.4 715.35
7400000 1002.39 301.642 102806 -19648.5 689.698
7500000 1030.12 209.1 102726 -19661.1 708.779
7600000 1026.67 -948.758 102762 -19672.7 706.399
7700000 1029.29 -86.524 102866 -19655.8 708.208
7800000 1001.88 -1035.7 102873 -19663.7 689.345
7900000 1024.68 807.596 102666 -19665.2 705.031
8000000 1018.45 1459.38 102543 -19663.8 700.743
8100000 1041.02 216.798 102722 -19662.2 716.274
8200000 1024.94 -451.246 102947 -19649.3 705.215
8300000 1022.73 -325.17 102836 -19664.5 703.689
8400000 1019.14 1139.98 102516 -19669.5 701.22
8500000 996.408 685.099 102470 -19676.4 685.58
8600000 1018.29 281.905 102817 -19660.3 700.639
8700000 1025.83 -878.125 102987 -19653.4 705.826
8800000 1043.38 496.244 102659 -19670.9 717.902
8900000 1033.52 2184.31 102343 -19681.7 711.118
9000000 1005.44 -646.698 102581 -19687.4 691.795
9100000 976.457 -1684.13 102983 -19663.4 671.853
9200000 1005.74 -109.14 102847 -19659.9 692.003
9300000 1008.5 1533.98 102337 -19682.8 693.898
9400000 1003.01 1574.26 102271 -19695.8 690.124
9500000 1001.16 -857.75 102738 -19676 688.847
9600000 1014.21 -1679.18 102979 -19664.6 697.831
9700000 995.578 -29.6088 102534 -19685.2 685.009
9800000 984.78 1889.28 102113 -19697.9 677.58
9900000 1000.7 428.369 102436 -19689.9 688.533
10000000 1011.53 -1394.92 102979 -19658.9 695.982
10100000 998.857 -1456.29 102813 -19680.7 687.266
10200000 968.234 971.641 102226 -19698.8 666.195
10300000 995.514 1675.49 102161 -19704.1 684.965
10400000 994.417 -1747.68 102693 -19691.5 684.21
10500000 1001.82 -1352.15 102863 -19671.8 689.305
10600000 1003.53 507.527 102451 -19688.8 690.482
10700000 1005.23 1947.96 102153 -19700.9 691.651
10800000 996.343 -47.8063 102366 -19702.4 685.536
10900000 1003.63 -758.239 102699 -19681.1 690.552
11000000 989.568 -1273.7 102627 -19693.8 680.874
11100000 994.88 945.069 102297 -19702 684.529
11200000 989.026 179.05 102194 -19723 680.501
11300000 992.083 -631.284 102416 -19704.2 682.604
11400000 972.254 -627.634 102558 -19685.7 668.961
11500000 968.26 -304.122 102411 -19699.9 666.213
11600000 985.142 412.164 102223 -19715.7 677.829
11700000 1004.49 -98.7374 102290 -19717.3 691.142
11800000 958.325 -867.217 102473 -19703.8 659.377
11900000 992.782 -607.064 102435 -19703.6 683.085
12000000 993.027 117.166 102240 -19716 683.254
12100000 980.434 55.3538 102202 -19717.3 674.589
12200000 969.861 -525.616 102342 -19713.2 667.314
12300000 983.071 -1752.03 102400 -19724 676.404
12400000 992.574 487.775 102284 -19703.3 682.942
12500000 976.573 606.934 102191 -19716.2 671.932
12600000 983.844 899.067 102254 -19711.8 676.936
12700000 959.406 375.003 102339 -19696.3 660.121
12800000 968.542 166.488 102326 -19711.5 666.407
12900000 975.115 687.657 102189 -19719 670.929
13000000 956.761 1304.21 102117 -19715.4 658.301
13100000 956.473 41.0387 102228 -19713 658.103
13200000 979.951 -597.432 102307 -19721.3 674.257
13300000 962.174 -637.18 102229 -19731.3 662.026
13400000 957.791 335.348 102111 -19724.7 659.01
13500000 971.027 118.447 102140 -19725.2 668.117
13600000 956.828 -772.227 102209 -19734.6 658.347
13700000 961.582 704.232 102191 -19709.6 661.618
13800000 958.739 537.264 102119 -19718.1 659.662
13900000 983.77 119.092 102061 -19739.5 676.885
14000000 972.379 22.5943 102135 -19725.7 669.047
14100000 951.069 99.9403 102166 -19720 654.385
14200000 977.059 65.3667 102082 -19730.8 672.267
14300000 957.489 -801.167 102003 -19750.6 658.802
14400000 951.446 95.4721 102030 -19739.7 654.644
14500000 943.621 -321.127 102127 -19733.7 649.26
14600000 966.797 162.773 102088 -19734.1 665.206
14700000 949.054 -377.19 101968 -19752.6 652.998
14800000 945.182 453.582 101954 -19741.5 650.334
14900000 961.402 -171.965 102059 -19739.3 661.495
15000000 944.647 -61.4597 102048 -19741.5 649.966
15100000 964.752 26.765 101953 -19753.1 663.799
15200000 950.102 253.104 101941 -19739.3 653.719
15300000 951.012 13.3984 101988 -19747.7 654.345
15400000 945.428 -916.961 101985 -19759.3 650.503
15500000 946.121 -410.275 101917 -19754.8 650.981
15600000 943.894 266.784 101868 -19752.1 649.448
15700000 944.922 1431.46 101945 -19724.2 650.155
15800000 953.864 -511.743 101961 -19759.4 656.308
15900000 960.61 -144.616 101876 -19756.5 660.949
16000000 937.788 574.039 101827 -19757.8 645.247
16100000 924.839 -27.1072 101878 -19754.3 636.337
16200000 937.846 116.114 101913 -19748.2 645.287
16300000 916.747 -437.832 101883 -19748.6 630.769
16400000 933.876 64.4455 101786 -19759.4 642.555
16500000 937.623 534.811 101779 -19757.8 645.133
16600000 938.647 379.486 101863 -19744.9 645.838
16700000 938.017 -716.618 101894 -19766.4 645.405
16800000 934.668 -637.992 101754 -19777.4 643.1
16900000 929.962 -789.416 101661 -19785.9 639.862
17000000 937.292 753.581 101783 -19756.3 644.906
17100000 935.899 -652.954 101917 -19770.7 643.947
17200000 930.072 -701.091 101773 -19774.8 639.938
17300000 921.414 1526.86 101534 -19764.5 633.98
17400000 926.994 1225.21 101606 -19765.2 637.82
17500000 932.98 -1021.35 101949 -19766.3 641.938
17600000 949.27 -941.698 101975 -19761.9 653.147
17700000 930.972 -61.652 101566 -19794.6 640.557
17800000 922.479 2215.45 101347 -19776.1 634.713
17900000 914.925 -851.734 101713 -19785.4 629.516
18000000 930.332 -2917.72 102037 -19782.2 640.117
18100000 919.755 -813.793 101733 -19781.8 632.839
18200000 927.459 2589.75 101253 -19779.2 638.14
18300000 907.554 908.313 101429 -19787.7 624.444
18400000 925.947 -1256.6 101969 -19765.5 637.099
18500000 911.89 -456.477 101943 -19762.6 627.428
18600000 915.176 1381.1 101332 -19792.6 629.689
18700000 925.259 3437.56 101149 -19785.1 636.626
18800000 909.187 -1080.6 101700 -19789.5 625.568
18900000 931.037 -1885.75 102038 -19765.1 640.601
19000000 903.053 -1487.36 101596 -19799.9 621.347
19100000 897.592 1999.89 101128 -19804.3 617.59
19200000 912.629 1066.4 101382 -19793.8 627.936
19300000 905.4 -1472.09 101803 -19784.3 622.962
19400000 903.2 -783.153 101705 -19786.9 621.448
19500000 897.792 842.957 101330 -19797.1 617.727
19600000 900.904 897.254 101301 -19803.3 619.869
19700000 912.417 -1015.63 101546 -19803.6 627.79
19800000 914.78 -345.291 101617 -19789.7 629.416
19900000 911.076 561.003 101418 -19795.6 626.867
20000000 903.779 106.885 101279 -19816.1 621.847
20100000 922.887 703.273 101372 -19799.1 634.994
20200000 912.112 -710.981 101508 -19803.3 627.58
20300000 897.508 -1041.17 101484 -19810.8 617.532
20400000 908.68 -687.05 101357 -19819.6 625.219
20500000 906.325 699.704 101309 -19805.4 623.598
20600000 898.632 -166.295 101396 -19808.5 618.305
20700000 879.332 -944.609 101429 -19818.4 605.026
20800000 879.279 -687.652 101359 -19811.4 604.99
20900000 885.555 597.092 101295 -19803.3 609.308
21000000 884.859 111.985 101335 -19808.6 608.828
21100000 875.194 -548.191 101397 -19815.5 602.178
21200000 877.272 109.837 101311 -19812.2 603.609
21300000 880.439 530.16 101236 -19816.1 605.788
21400000 882.642 -887.084 101303 -19822.7 607.303
21500000 866.177 -255.636 101340 -19812.7 595.975
21600000 879.868 639.065 101234 -19815.4 605.395
21700000 886.342 347.24 101146 -19827.1 609.849
21800000 885.971 131.642 101210 -19819.6 609.594
21900000 886.504 -876.028 101290 -19831.6 609.961
22000000 892.696 -509.048 101244 -19825.8 614.221
22100000 880.296 406.623 101139 -19828 605.689
22200000 868.6 385.859 101142 -19826.8 597.642
22300000 864.926 -978.798 101208 -19837.7 595.114
22400000 853.014 -3.03591 101171 -19824.9 586.918
22500000 882.925 -99.5192 101076 -19839.7 607.498
22600000 887.503 163.765 101126 -19830.3 610.648
22700000 878.102 -529.752 101220 -19835.2 604.18
22800000 880.178 155.478 101153 -19829.8 605.608
22900000 863.379 772.957 101048 -19830.7 594.049
23000000 868.319 425.614 101076 -19826.3 597.448
23100000 869.398 -433.135 101177 -19841.2 598.19
23200000 866.388 -818.776 101157 -19844.4 596.119
23300000 873.525 1182.12 100971 -19838.1 601.031
23400000 877.361 348.542 100930 -19846.6 603.67
23500000 868.014 102.392 101098 -19832.3 597.239
23600000 861.527 -1556.9 101177 -19847.6 592.775
23700000 844.014 -210.52 100998 -19849.4 580.725
23800000 843.109 176.977 100831 -19865.9 580.103
23900000 876.928 404.193 100963 -19844.6 603.372
24000000 867.128 -871.467 101178 -19845.1 596.629
24100000 859.833 -332.456 101042 -19846.5 591.61
24200000 851.56 1562.16 100750 -19850.5 585.917
24300000 853.511 901.652 100783 -19857.3 587.259
24400000 857.899 -572.692 101095 -19850.8 590.279
24500000 842.808 -1052.18 101158 -19844.4 579.895
24600000 874.161 125.638 100810 -19869.6 601.468
24700000 854.933 2078.89 100618 -19860.9 588.238
24800000 849.463 -266.256 100892 -19863.3 584.474
24900000 852.581 -1866.42 101150 -19856.8 586.62
25000000 856.535 529.006 100912 -19852.9 589.341
25100000 851.312 1165.77 100582 -19872.3 585.747
25200000 827.807 1036.64 100702 -19864.7 569.574
25300000 840.691 -598.025 101031 -19851.2 578.439
25400000 853.184 -285.906 101024 -19850.8 587.035
25500000 845.138 -377.687 100680 -19880.3 581.498
25600000 847.832 1562.5 100535 -19877.2 583.352
25700000 830.512 -303.875 100816 -19868.7 571.435
25800000 846.006 -1622.76 101059 -19861.6 582.096
25900000 845.851 -349.785 100811 -19873.1 581.989
26000000 845.648 2096.48 100484 -19869.4 581.85
26100000 827.31 1489.58 100583 -19866.9 569.232
26200000 839.049 -857.464 100926 -19866 577.309
26300000 825.25 -422.163 100898 -19866.2 567.815
26400000 836.028 1692.22 100551 -19869.6 575.231
26500000 827.998 536.459 100454 -19899.4 569.706
26600000 837.947 -1043.72 100737 -19894.8 576.551
26700000 855.355 -981.102 100893 -19873.4 588.528
26800000 808.579 -395.291 100673 -19884.9 556.344
26900000 820.477 1696.12 100426 -19885 564.531
27000000 824.902 -116.278 100534 -19892.9 567.575
27100000 828.593 -1487.42 100798 -19886.6 570.115
27200000 826.194 -603.342 100738 -19886.4 568.464
27300000 816.392 882.538 100443 -19889.3 561.72
27400000 835.349 1068.6 100399 -19896.9 574.764
27500000 809.586 -509.592 100653 -19889 557.037
27600000 815.143 -1557.62 100790 -19891.9 560.861
27700000 803.449 -1115.49 100542 -19907.6 552.815
27800000 823 1096.95 100303 -19900.4 566.266
27900000 832.715 822.216 100467 -19886.4 572.951
28000000 817.562 -1285.15 100743 -19891.9 562.525
28100000 847.419 -552.156 100624 -19892.9 583.068
28200000 811.938 240.444 100295 -19918.4 558.655
28300000 812.462 207.483 100297 -19916.9 559.016
28400000 812.552 -702.831 100567 -19900.6 559.078
28500000 813.753 -1529.67 100638 -19908.6 559.904
28600000 800.299 -449.679 100417 -19910.3 550.647
28700000 821.023 885.915 100241 -19915.3 564.906
28800000 819.819 14.1042 100390 -19908.7 564.078
28900000 810.595 -534.937 100597 -19898.9 557.731
29000000 805.5 -1240.22 100501 -19916.5 554.226
29100000 809.307 901.736 100226 -19912.7 556.845
29200000 814.839 1699.7 100224 -19904.9 560.652
29300000 825.746 -591.306 100472 -19911.9 568.156
29400000 810.612 -1451.1 100535 -19912.6 557.743
29500000 811.284 678.922 100301 -19912 558.205
29600000 817.676 474.576 100112 -19936.3 562.603
29700000 812.747 -302.816 100259 -19931.6 559.212
29800000 789.865 -1218.49 100474 -19918.9 543.468
29900000 822.408 -124.219 100391 -19911.9 565.859
30000000 794.094 481.103 100141 -19926 546.378
30100000 800.085 1157.43 100141 -19922.4 550.5
30200000 806.766 -149.861 100349 -19915 555.097
30300000 789.047 -705.633 100414 -19915 542.905
30400000 803.271 378.306 100213 -19921.9 552.692
30500000 800.841 438.084 100062 -19937.3 551.02
30600000 787.163 117.688 100195 -19926.8 541.609
30700000 804.789 -1041.87 100341 -19931.6 553.737
30800000 783.729 1043.75 100242 -19910.6 539.246
30900000 792.28 433.163 100063 -19934.1 545.13
31000000 787.639 -83.8259 100079 -19951.9 541.936
31100000 791.762 106.921 100223 -19920.5 544.773
31200000 790.91 -191.581 100233 -19932.1 544.187
31300000 781.207 386.105 100084 -19933.8 537.511
31400000 773.723 911.04 99984.4 -19941.1 532.361
31500000 790.143 32.6208 100060 -19946.5 543.659
31600000 785.904 -131.859 100181 -19932.1 540.743
31700000 797.05 -314.491 100136 -19942.6 548.412
31800000 780.216 375.271 100012 -19948.8 536.829
31900000 773.268 702.09 99953.4 -19947.9 532.049
32000000 774.169 -135.286 100037 -19954.1 532.668
32100000 785.878 -790.765 100117 -19952.7 540.725
32200000 764.966 -460.042 100026 -19951.4 526.336
32300000 783.046 532.286 99889.1 -19959.2 538.776
32400000 771.413 -415.826 99939.5 -19963.8 530.772
32500000 789.218 -1084.32 100087 -19955.5 543.023
32600000 766.145 -1665.96 100076 -19967.9 527.147
32700000 776.734 769.727 99871.3 -19949.3 534.433
32800000 783.154 1432.45 99788.4 -19952.6 538.85
32900000 774.314 600.146 99948.5 -19954.6 532.768
33000000 775.24 -1190.05 100078 -19962.3 533.405
33100000 753.897 -543.497 99924.7 -19967.4 518.72
33200000 770.399 398.424 99742.3 -19973.5 530.074
33300000 770.625 784 99798 -19963.5 530.23
33400000 767.979 -916.107 99960.2 -19965.1 528.409
33500000 759.57 -598.591 99966.3 -19960.5 522.623
33600000 758.994 140.05 99751.2 -19976 522.227
33700000 768.88 1017.4 99625.4 -19978.1 529.029
33800000 753.11 83.7186 99827.1 -19974.9 518.178
33900000 746.917 -562.598 99990.8 -19963.2 513.917
34000000 750.95 80.4101 99831.9 -19961.5 516.692
34100000 759.837 1400.29 99557.3 -19982.5 522.807
34200000 766.813 1158.26 99637.4 -19973.5 527.607
34300000 753.224 -1582.19 99941.9 -19982.5 518.257
34400000 750.045 -1041.07 99914 -19972.3 516.07
34500000 747.867 1316.64 99589.5 -19974.1 514.571
34600000 766.883 1636.68 99500.5 -19983.7 527.655
34700000 766.004 -411.905 99769.8 -19976.9 527.05
34800000 747.134 -795.603 99939.6 -19964.1 514.067
34900000 767.534 148.366 99691.4 -19978.3 528.103
35000000 757.122 625.893 99455.3 -19994 520.939
35100000 756.637 -103.409 99580.9 -20003.2 520.606
35200000 743.388 -541.876 99803.5 -19973.6 511.489
35300000 753.802 -769.498 99722.2 -19992 518.655
35400000 747.567 1382.48 99461.9 -19992.3 514.365
35500000 750.155 897.55 99466.5 -19998.3 516.146
35600000 738.691 -621.228 99714.9 -19989.9 508.258
35700000 745.904 -273.189 99761.9 -19985.3 513.22
35800000 723.393 150.902 99511.9 -19995.7 497.732
35900000 730.352 644.853 99373.9 -20004.8 502.52
36000000 755.572 701.17 99542 -19998.2 519.872
36100000 728.371 -1341.73 99727.8 -19996.6 501.157
36200000 729.926 -560.256 99600.5 -19999.6 502.227
36300000 739.673 729.577 99328 -20012.4 508.933
36400000 733.713 460.527 99366.2 -20009 504.833
36500000 734.297 -1088.77 99593.9 -20007.1 505.235
36600000 729.473 369.126 99645.5 -19987 501.915
36700000 723.139 1218.13 99385 -20000.5 497.557
36800000 748.262 2144.88 99232.4 -20006.9 514.843
36900000 744.976 -156.002 99452.7 -20012.4 512.582
37000000 737.752 -566.712 99656.7 -20000.8 507.611
37100000 735.838 -289.15 99486.7 -20019.4 506.294
37200000 732.032 683.586 99215.3 -20022.8 503.676
37300000 720.665 898.191 99283.1 -20014.4 495.855
37400000 736.895 -1145.48 99535.2 -20014.1 507.022
37500000 722.307 -928.723 99520.4 -20009.3 496.985
37600000 721.118 94.938 99241.9 -20024.7 496.166
37700000 733.593 472.994 99127.1 -20035.5 504.75
37800000 714.064 -247.651 99365.3 -20028.1 491.313
37900000 737.612 -917.237 99527.9 -20013.9 507.515
38000000 709.595 -417.271 99348.4 -20018.4 488.238
38100000 733.09 1510.68 99079.2 -20034.3 504.404
38200000 722.741 1262.36 99165.1 -20020.9 497.283
38300000 717.581 -141.556 99441.6 -20012.5 493.733
38400000 722.737 -771.014 99406.6 -20023.7 497.281
38500000 719.939 220.292 99129.1 -20043.2 495.355
38600000 718.174 1609.38 99074.5 -20022.8 494.141
38700000 709.533 -621.049 99299 -20035.2 488.195
38800000 716.46 -1477.79 99372.8 -20044 492.962
38900000 715.168 -519.991 99169 -20043.7 492.073
39000000 726.76 1489.85 98995.7 -20040.8 500.049
39100000 710.026 -57.7525 99134.8 -20044.2 488.535
39200000 712.886 -1492.62 99327.1 -20042.8 490.503
39300000 694.84 -776.377 99238.1 -20041.7 478.086
39400000 727.745 2106.01 98985.3 -20037.8 500.726
39500000 709.229 1168.64 98979.5 -20049.6 487.986
39600000 696.53 -1104.02 99240.6 -20043.2 479.249
39700000 699.573 -664.921 99265.5 -20040.6 481.342
39800000 704.246 517.834 98962.9 -20051.5 484.558
39900000 680.339 1121.43 98868.6 -20050.6 468.108
40000000 700.417 -2117.69 99130.6 -20070.6 481.923
40100000 699.797 -1124.78 99255.7 -20050.5 481.497
40200000 695.796 -237.871 99035.7 -20056.7 478.743
40300000 677.151 1271.06 98780.1 -20063.2 465.915
40400000 707.509 477.544 98932.6 -20057.5 486.802
40500000 688.431 -439.52 99220.2 -20042.3 473.676
40600000 705.641 -737.641 99119.1 -20059.8 485.518
40700000 681.327 674.881 98785.4 -20070.5 468.788
40800000 699.407 2237.18 98789.5 -20053.8 481.228
40900000 702.652 -784.083 99099 -20057.6 483.461
41000000 675.75 -2180.29 99145.3 -20070.6 464.951
41100000 698.236 728.272 98834.4 -20066.1 480.422
41200000 682.272 1696.61 98683 -20075.7 469.438
41300000 690.647 140.655 98869.4 -20067.1 475.201
41400000 693.319 -1129.44 99074 -20062.1 477.039
41500000 685.646 -1082.87 98947.8 -20077.9 471.76
41600000 682.872 1012.05 98677.8 -20079.1 469.852
41700000 671.678 818.27 98724.4 -20076 462.149
41800000 687.624 -259.056 98960.6 -20065.2 473.121
41900000 689.456 -1075.35 98980.5 -20072.9 474.381
42000000 701.282 186.698 98728.1 -20086.7 482.518
42100000 691.224 1472.16 98615.8 -20082.8 475.598
42200000 670.623 -1041.07 98814.1 -20093.4 461.423
42300000 677.649 -1178.23 98928.8 -20081.6 466.258
42400000 675.722 -338.259 98782.6 -20082 464.932
42500000 676.888 718.531 98585.3 -20086.8 465.734
42600000 678.079 -249.598 98645.1 -20096.2 466.553
42700000 680.772 -451.447 98834.8 -20085.9 468.406
42800000 672.537 -1367.4 98826.9 -20094.3 462.74
42900000 662.615 782.12 98613.5 -20089.1 455.913
43000000 665.911 524.205 98550.3 -20088.7 458.181
43100000 664.283 -480.566 98739.1 -20097.4 457.061
43200000 667.946 -964.621 98827.8 -20087.5 459.582
43300000 670.758 510.583 98644.3 -20093.9 461.517
43400000 662.069 1268.99 98479.7 -20093.6 455.538
43500000 659.051 531.686 98593 -20093 453.461
43600000 654.992 -1391.66 98743.2 -20100.6 450.668
43700000 669.596 -155.158 98676 -20091.2 460.716
43800000 667.841 26.8342 98487.8 -20108.9 459.509
43900000 650.793 801.58 98464.8 -20096.9 447.779
44000000 637.623 -772.818 98614.8 -20105.9 438.718
44100000 654.64 -622.554 98671.3 -20102.7 450.426
44200000 668.879 671.021 98547.2 -20098.3 460.224
44300000 671.345 1062.83 98417.7 -20111.8 461.92
44400000 644.581 552.459 98476.8 -20100.7 443.505
44500000 655.704 159.938 98614.7 -20100.4 451.158
44600000 653.546 -426.583 98569.3 -20111.1 449.673
44700000 645.804 707.62 98386.1 -20109.7 444.347
44800000 648.963 242.041 98355.1 -20119 446.52
44900000 654.417 -37.8714 98524 -20112.2 450.273
45000000 655.65 -811.309 98599.3 -20111.4 451.121
45100000 645.466 -381.733 98419.5 -20125.3 444.114
45200000 644.48 286.681 98256.9 -20128.2 443.436
45300000 656.497 43.1711 98402.2 -20119.1 451.704
45400000 642.661 -1914.41 98560.5 -20130.5 442.184
45500000 665.048 302.66 98392.6 -20118.1 457.588
45600000 645.263 727.792 98198.4 -20141 443.974
45700000 642.664 723.262 98269.6 -20128 442.186
45800000 637.24 -759.511 98449.8 -20128.9 438.454
45900000 642.269 -612.974 98442.2 -20124.3 441.915
46000000 628.946 -447.786 98233.6 -20144.2 432.748
46100000 633.159 890.983 98153.9 -20135.4 435.646
46200000 639.708 -121.175 98330 -20135.5 440.153
46300000 644.61 -390.02 98445.7 -20119.6 443.525
46400000 630.033 8.95707 98271.3 -20131.9 433.495
46500000 631.599 1140.8 98079 -20138.5 434.573
46600000 643.364 -263.503 98189 -20151.5 442.668
46700000 627.096 -660.145 98391.1 -20133.2 431.474
46800000 648.671 -677.731 98355 -20136.4 446.319
46900000 635.125 866.648 98107 -20147 436.999
47000000 612.676 1032.59 98012.6 -20152 421.553
47100000 619.29 -985.649 98207.4 -20157.2 426.104
47200000 616.993 -832.916 98328.6 -20140.1 424.523
47300000 625.982 1008.58 98146 -20133.6 430.708
47400000 633.693 1244.47 97980.6 -20152.6 436.013
47500000 618.05 294.593 98118.4 -20149.3 425.25
47600000 623.841 -934.323 98272.3 -20148.1 429.235
47700000 627.409 -515.996 98124.8 -20161.2 431.69
47800000 620.227 287.215 97981.2 -20161.5 426.748
47900000 635.759 833.274 98046.8 -20142.4 437.435
48000000 621.859 -1043.11 98156.5 -20166.1 427.871
48100000 618.394 -845.895 98117.1 -20163.5 425.487
48200000 602.083 147.752 98004.3 -20161.3 414.264
48300000 619.789 476.288 97964.5 -20160 426.447
48400000 624.637 -390.351 98034.7 -20166.3 429.783
48500000 617.325 -654.944 98043 -20170.8 424.751
48600000 620.036 -14.9088 97990.1 -20162.1 426.617
48700000 618.585 241.888 97942.5 -20170.3 425.619
48800000 602.657 112.934 97987.8 -20163.7 414.659
48900000 608.754 -318.083 98013.1 -20168.5 418.854
49000000 612.431 127.975 97969.6 -20169.5 421.384
49100000 612.002 266.107 97899.2 -20168.1 421.089
49200000 605.256 254.154 97887.5 -20169 416.448
49300000 601.655 627.272 97891.6 -20165.7 413.97
49400000 611.342 -269.022 97953.6 -20181.7 420.635
49500000 586.496 292.382 97910.7 -20171.9 403.54
49600000 597.44 52.9287 97794.1 -20180.2 411.069
49700000 601.926 648.112 97799.4 -20184.6 414.156
49800000 595.582 -1081.49 97914.1 -20188.4 409.791
49900000 593.072 -464.904 97921.4 -20181.2 408.065
50000000 595.071 214.45 97797.1 -20183.7 409.44
50100000 596.425 909.458 97740 -20181.5 410.371
50200000 597.517 41.3498 97806.5 -20185.1 411.123
50300000 602.129 -347.625 97854.9 -20184.9 414.296
50400000 601.652 -59.7099 97766 -20194 413.968
50500000 586.532 891.527 97687 -20185.9 403.565
50600000 598.408 72.9084 97757.8 -20191.4 411.736
50700000 593.401 -407.463 97813.1 -20192.7 408.291
50800000 586.773 -334.205 97740.1 -20197.3 403.731
50900000 595.812 627.042 97621.4 -20196.4 409.95
51000000 589.976 1272.27 97650.8 -20187.9 405.934
51100000 590.873 -1150.87 97799.7 -20202.6 406.551
51200000 580.552 -406.196 97818.4 -20187.4 399.45
51300000 595.277 435.395 97577.6 -20207 409.582
51400000 588.215 1458.47 97474.4 -20209.3 404.722
51500000 585.977 -415.836 97705.3 -20201.3 403.182
51600000 580.514 -1438.05 97838.3 -20204.1 399.424
51700000 582.452 509.323 97611 -20200.7 400.757
51800000 580.747 1884.82 97364.2 -20209.1 399.584
51900000 568.821 -413.844 97535 -20218.7 391.378
52000000 582.291 -1777.14 97850 -20201.8 400.646
52100000 590.773 -947.175 97725.4 -20207.7 406.482
52200000 580.472 1725.98 97304.4 -20216.6 399.395
52300000 580.62 1096.99 97320.2 -20221.8 399.497
52400000 574.157 -1273.86 97740.8 -20209.9 395.05
52500000 571.842 -1786.93 97823.4 -20212 393.457
52600000 577.364 189.651 97381.8 -20231.4 397.256
52700000 567.465 1620.67 97219.2 -20224.7 390.446
52800000 561.465 -1036.69 97559.9 -20225.3 386.317
52900000 576.763 -1419.69 97712.6 -20216.2 396.843
53000000 569.014 451.471 97447.1 -20222 391.511
53100000 575.007 1686.32 97254.5 -20221.1 395.634
53200000 560.069 821.858 97374.8 -20225.4 385.357
53300000 572.639 -936.633 97552.8 -20227.5 394.005
53400000 572.274 -192.672 97484.3 -20225.5 393.754
53500000 573.243 774.02 97286 -20227.8 394.421
53600000 557.79 67.1329 97297.8 -20236 383.789
53700000 561.511 -454.672 97472.9 -20230.2 386.349
53800000 572.094 -668.587 97534.8 -20226.7 393.63
53900000 557.359 407.021 97330.8 -20229.6 383.492
54000000 558.095 541.008 97162.9 -20245 383.999
54100000 555.373 643.505 97287.8 -20233.9 382.125
54200000 556.586 -1476.03 97493.9 -20242.9 382.96
54300000 548.563 264.905 97388.2 -20226.9 377.44
54400000 551.532 415.293 97124.3 -20254.6 379.482
54500000 550.251 1550.8 97147.3 -20234.5 378.601
54600000 557.42 -353.145 97401 -20238.4 383.534
54700000 537.05 -1260.24 97397 -20245.5 369.518
54800000 538.91 925.37 97106.7 -20249.5 370.798
54900000 546.994 1642.55 97049.6 -20249.6 376.36
55000000 558.41 -305.364 97335.5 -20246.8 384.215
55100000 550.349 -1477.41 97412.7 -20248.6 378.669
55200000 542.206 763.23 97078 -20255.3 373.065
55300000 558.345 783.476 96971.4 -20262.6 384.17
55400000 548.658 -831.841 97234.8 -20261.4 377.505
55500000 540.799 -1780.93 97364.1 -20259.3 372.097
55600000 549.543 6.05424 97118.9 -20260.8 378.114
55700000 541.44 1031.35 96913.2 -20265.5 372.539
55800000 539.688 117.631 97086.3 -20259.1 371.334
55900000 534.313 -1762.02 97316 -20260.3 367.635
56000000 530.142 -918.423 97176.7 -20267 364.765
56100000 542.655 48.3657 96897.9 -20284.2 373.375
56200000 538.789 683.242 96951 -20269.6 370.715
56300000 538.484 -1162.56 97229.7 -20263.7 370.505
56400000 530.402 -492.649 97171.7 -20260.1 364.944
56500000 531.18 582.055 96955.5 -20270.4 365.479
56600000 540.213 1129.53 96950.6 -20262.9 371.694
56700000 520.564 -178.782 97092.9 -20272.3 358.175
56800000 532.661 -14.0513 97072.9 -20269.8 366.498
56900000 532.912 371.055 96939.8 -20278.2 366.671
57000000 525.404 249.944 96936.1 -20276.6 361.505
57100000 532.411 -293.621 97067 -20274.6 366.327
57200000 540.259 -325.154 97038.9 -20275 371.726
57300000 524.412 812.383 96879.7 -20277.1 360.823
57400000 520.24 -65.2071 96875.7 -20290.3 357.952
57500000 519.013 -802.676 96953.7 -20291.1 357.108
57600000 531.221 409.927 96960.9 -20276 365.507
57700000 517.365 -547.515 96905 -20295.1 355.974
57800000 534.037 320.274 96848.3 -20287.5 367.445
57900000 523.569 -426.666 96898.1 -20292.1 360.242
58000000 520.105 530.341 96947.2 -20274.6 357.859
58100000 526.468 190.295 96909.8 -20286.4 362.237
58200000 523.056 -222.979 96841.9 -20293.2 359.889
58300000 517.206 27.1688 96750.9 -20304.1 355.865
58400000 522.545 612.764 96702.9 -20302.2 359.538
58500000 513.421 -188.506 96795.9 -20300.2 353.26
58600000 519.137 -592.883 96876.7 -20299.8 357.193
58700000 505.729 369.283 96818.4 -20289.4 347.968
58800000 510.722 596.44 96723.9 -20295.7 351.403
58900000 513.661 -286.339 96753.8 -20305.2 353.425
59000000 506.451 -755.881 96810.6 -20303.7 348.464
59100000 513.404 -251.67 96757.2 -20304.7 353.248
59200000 516.008 291.485 96658.4 -20304.7 355.04
59300000 503.676 44.4379 96676.1 -20305.8 346.555
59400000 504.786 -554.419 96754.5 -20310.5 347.319
59500000 502.921 -440.776 96717.9 -20307.9 346.036
59600000 501.585 -232.165 96654.3 -20318.4 345.116
59700000 505.923 129.587 96634.6 -20312.3 348.101
59800000 503.603 -123.853 96670.3 -20312.8 346.505
59900000 497.735 -1150.54 96716.6 -20323.6 342.468
60000000 497.741 633.041 96619 -20306.1 342.471
60100000 497.618 -130.228 96562.8 -20324.5 342.387
60200000 492.976 102.277 96597.2 -20314.8 339.193
60300000 498.108 -105.254 96611.3 -20318.9 342.724
60400000 492.903 302.709 96543.1 -20315.7 339.143
60500000 487.958 136.421 96520.2 -20327.2 335.74
60600000 486.119 -245.348 96631.6 -20317.9 334.475
60700000 477.537 -1529.95 96623.1 -20330 328.57
60800000 500.65 175.064 96474.4 -20326.8 344.473
60900000 487.57 44.0633 96494.3 -20325.5 335.474
61000000 498.35 -262.24 96605.8 -20326.9 342.891
61100000 492.67 -260.034 96587.9 -20325.3 338.983
61200000 474.628 155.532 96441.3 -20331.9 326.568
61300000 483.951 533.409 96421.6 -20331.9 332.983
61400000 480.638 -548.04 96535.5 -20335.2 330.704
61500000 489.766 -331.727 96520.1 -20331.7 336.984
61600000 491.133 625.351 96406.3 -20335.6 337.925
61700000 480.074 601.538 96406.7 -20328.5 330.316
61800000 473.389 -1026.09 96504.2 -20341.2 325.716
61900000 488.271 -232.926 96416.4 -20346.4 335.955
62000000 484.233 807.23 96291.3 -20340.6 333.178
62100000 483.366 -62.9575 96399.4 -20345.5 332.581
62200000 480.043 -1056.71 96532.6 -20340.5 330.294
62300000 474 299.322 96376.4 -20340 326.137
62400000 476.506 848.525 96202.4 -20351 327.861
62500000 466.998 823.598 96332.8 -20344.7 321.319
62600000 480.128 -1584.08 96545.2 -20346.8 330.353
62700000 477.971 -739.78 96419 -20349.7 328.869
62800000 471.451 1202.4 96098.5 -20358.9 324.383
62900000 460.817 1409.76 96135.4 -20352.2 317.066
63000000 470.272 -1132.24 96449 -20352.7 323.571
63100000 474.34 -732.779 96416.4 -20351.7 326.371
63200000 474.476 1608.05 96109.5 -20352.1 326.464
63300000 465.758 664.621 96130.7 -20358.2 320.466
63400000 471.54 -724.581 96414.1 -20355.2 324.444
63500000 463.575 -1352.49 96391.1 -20363.1 318.964
63600000 468.032 1380.83 96083 -20358.4 322.03
63700000 459.746 783.918 96056.9 -20366.5 316.329
63800000 451.693 -491.498 96303.4 -20363.9 310.788
63900000 453.201 -1446.63 96377.5 -20360 311.826
64000000 460.696 116.544 96136.4 -20367.3 316.983
64100000 461.494 624.762 96031.2 -20373.4 317.532
64200000 457.641 -823.123 96215.6 -20366.1 314.881
64300000 463.812 -959.446 96291.2 -20367.9 319.127
64400000 461.844 662.475 96082.3 -20365.2 317.773
64500000 449.897 605.58 95973.1 -20378.5 309.553
64600000 450.359 -266.529 96152.9 -20373.2 309.87
64700000 457.5 -440.795 96277.7 -20363.8 314.784
64800000 454.809 -162.722 96121.3 -20375.2 312.932
64900000 441.185 895.281 95954.1 -20375.1 303.558
65000000 454.893 637.89 96048.8 -20379.6 312.99
65100000 450.974 -538.236 96207.4 -20369.5 310.293
65200000 446.623 -270.017 96137.9 -20378.1 307.3
65300000 441.924 578.026 95994.6 -20379.9 304.067
65400000 442.417 201.734 96006.2 -20382 304.406
65500000 442.928 -531.755 96122.7 -20378.7 304.758
65600000 448.658 -452.246 96139.4 -20378.5 308.7
65700000 452.098 -171.15 96043.6 -20386 311.067
65800000 438.228 168.422 95996.7 -20379.7 301.524
65900000 438.009 -635.179 96023.6 -20389.5 301.373
66000000 439.323 -166.623 96021.4 -20382.3 302.277
66100000 442.308 67.9115 95976.7 -20387.3 304.331
66200000 432.342 -116.344 95962 -20390.9 297.474
66300000 442.451 -122.794 95954.7 -20394.4 304.429
66400000 438.909 -549.043 95952.2 -20399.4 301.992
66500000 435.955 -327.182 95946.8 -20390.5 299.959
66600000 430.516 54.6703 95920.3 -20393.9 296.218
66700000 439.312 321.973 95919.8 -20393.8 302.269
66800000 430.7 7.41578 95937.5 -20393.3 296.344
66900000 421.855 20.8435 95896.3 -20396.4 290.258
67000000 437.822 -14.8677 95869.5 -20400.3 301.244
67100000 423.69 -853.752 95903.4 -20405.4 291.521
67200000 423.4 -1.42419 95907.5 -20397.4 291.321
67300000 428.703 196.549 95867.3 -20397.1 294.97
67400000 435.078 -113.698 95869.1 -20399.6 299.356
67500000 425.136 -41.4861 95890.3 -20399.5 292.516
67600000 427.486 -24.9852 95883.3 -20400.8 294.133
67700000 416.561 -41.3179 95821.9 -20406.9 286.615
67800000 415.829 126.362 95822.9 -20401.2 286.112
67900000 421.219 -514.144 95871.7 -20405.7 289.82
68000000 423.229 -191.387 95836.5 -20406.9 291.204
68100000 414.008 138.179 95737.3 -20412.4 284.859
68200000 420.925 314.146 95728.4 -20412.5 289.618
68300000 414.827 79.8232 95807.5 -20408.5 285.422
68400000 414.672 -19.3767 95800.4 -20411.9 285.316
68500000 413.986 809.093 95700.7 -20408.4 284.844
68600000 411.703 308.647 95689.5 -20419.5 283.273
68700000 412.561 -264.114 95781 -20416.1 283.863
68800000 413.7 -378.371 95784.7 -20415.1 284.647
68900000 414.081 -40.9588 95690.6 -20420.3 284.909
69000000 409.315 413.495 95661.4 -20420 281.63
69100000 416.751 48.207 95767.6 -20411.2 286.746
69200000 412.653 -459.755 95766.2 -20416.5 283.927
69300000 412.709 692.706 95639.7 -20419.2 283.965
69400000 403.735 660.116 95643.4 -20417.7 277.79
69500000 409.964 -229.233 95757.4 -20414.3 282.077
69600000 419.668 -314.979 95744.7 -20421.7 288.754
69700000 406.172 185.543 95596.9 -20432 279.467
69800000 405.664 426.635 95583.8 -20428.4 279.118
69900000 406.872 -709.46 95733.3 -20425.6 279.949
70000000 399.395 -1036.63 95761.1 -20428 274.804
70100000 393.227 596.066 95577.4 -20425.3 270.561
70200000 401.55 937.959 95534.4 -20430.1 276.287
70300000 400.462 -659.071 95724.7 -20428.4 275.538
70400000 400.401 -724.073 95733.8 -20428.9 275.497
70500000 398.731 844.316 95517.1 -20431.4 274.348
70600000 395.52 1167.41 95492.8 -20430.3 272.138
70700000 389.977 -685.051 95703.1 -20429.3 268.324
70800000 395.029 -349.46 95687.4 -20429.6 271.801
70900000 387.916 591.265 95473.7 -20438.9 266.906
71000000 392.781 749.428 95475.2 -20441.3 270.254
71100000 391.193 -824.647 95677.8 -20434.8 269.161
71200000 393.574 -379.162 95653.6 -20435.2 270.799
71300000 381.689 1054.31 95422.3 -20438.7 262.622
71400000 377.456 297.05 95428.6 -20443.3 259.709
71500000 390.968 -930.074 95652.8 -20439.2 269.006
71600000 375.594 -634.258 95635.2 -20436.3 258.428
71700000 391.688 830.323 95383.7 -20446.8 269.502
71800000 379.499 1123.01 95393.6 -20441.3 261.115
71900000 380.865 -998.844 95643.1 -20441.1 262.055
72000000 386.749 -686.69 95609.2 -20441.5 266.104
72100000 378.123 1440.89 95340 -20443.1 260.168
72200000 382.398 709.412 95366.6 -20450.6 263.109
72300000 378.215 -994.212 95612.9 -20445.6 260.232
72400000 378.203 -518.996 95565.5 -20443.4 260.223
72500000 379.448 909.309 95296.9 -20453.6 261.08
72600000 368.451 538.916 95323.8 -20455 253.514
72700000 371.833 -699.15 95589.5 -20442.8 255.841
72800000 372.468 -961.408 95550.9 -20452.6 256.277
72900000 372.646 1038.17 95260.5 -20457 256.4
73000000 369.624 629.013 95285.5 -20461.1 254.32
73100000 369.894 -1338.78 95563.6 -20456.8 254.506
73200000 367.808 -832.832 95523.1 -20452 253.071
73300000 362.536 1176.24 95249.8 -20456.3 249.443
73400000 371.592 1043.52 95278.9 -20458 255.675
73500000 363.023 -1034.37 95516.7 -20453.5 249.779
73600000 368.571 -887.201 95457.8 -20459.7 253.596
73700000 365.328 1421.19 95223.6 -20454.1 251.365
73800000 364.908 588.653 95264.6 -20463.1 251.075
73900000 362.37 -1201.86 95473.2 -20463.3 249.329
74000000 361.182 -903.553 95426.4 -20463.6 248.512
74100000 361.614 1014.91 95225.4 -20463.4 248.809
74200000 353.199 422.615 95255.7 -20463.1 243.019
74300000 350.035 -645.849 95429 -20461 240.842
74400000 360.75 -609.566 95392.8 -20464.8 248.215
74500000 359.662 1009.72 95206.7 -20466.2 247.466
74600000 352.733 913.964 95231.6 -20460.8 242.698
74700000 352.715 -785.252 95404.5 -20463.1 242.686
74800000 353.524 -792.792 95375.6 -20470.1 243.243
74900000 358.467 531.171 95203.1 -20467.6 246.644
75000000 349.301 383.429 95215.9 -20473.3 240.337
75100000 342.427 -376.065 95349.5 -20466.7 235.608
75200000 352.56 -592.638 95322.7 -20471.2 242.58
75300000 351.263 508.286 95183.6 -20471.8 241.687
75400000 344.918 291.391 95198.1 -20472 237.322
75500000 348.208 -777.972 95322.9 -20473.1 239.585
75600000 342.612 -540.211 95297.6 -20475.8 235.735
75700000 341.569 327.201 95177 -20474.3 235.017
75800000 332.968 143.65 95179.8 -20476.9 229.099
75900000 348.189 -420.085 95288.4 -20472.9 239.572
76000000 344.362 -321.813 95279.3 -20477.5 236.939
76100000 333.826 39.3337 95159 -20483 229.689
76200000 339.265 216.44 95151.9 -20483.4 233.432
76300000 339.482 -523.981 95256.9 -20479.8 233.581
76400000 333.164 -164.38 95245.9 -20479.1 229.234
76500000 337.565 314.737 95140.8 -20482.7 232.262
76600000 342.306 221.049 95128.9 -20484.4 235.524
76700000 328.666 -915.87 95225.2 -20486.4 226.139
76800000 334.049 -242.878 95213.5 -20481.2 229.843
76900000 333.4 336.347 95115.8 -20484.4 229.396
77000000 331.519 175.331 95108.3 -20490.8 228.103
77100000 333.273 -419.286 95198.1 -20487.7 229.309
77200000 333.405 -32.1534 95200.6 -20484.8 229.4
77300000 325.809 102.199 95106.9 -20488.3 224.173
77400000 321.114 482.397 95089.4 -20488 220.943
77500000 325.398 -148.377 95159.9 -20489 223.891
77600000 321.072 -565.212 95151.9 -20491 220.914
77700000 320.951 558.802 95080.7 -20489.1 220.831
77800000 320.302 -23.3744 95085.8 -20493.4 220.384
77900000 319.975 -562.003 95135.3 -20496.1 220.16
78000000 320.015 -501.417 95111.9 -20498.1 220.187
78100000 315.199 454.368 95058.5 -20491.8 216.873
78200000 312.628 -172.61 95072.3 -20496 215.104
78300000 322.534 11.9678 95111.3 -20493.5 221.92
78400000 317.276 62.9813 95079.6 -20497 218.303
78500000 314.918 401.844 95020.7 -20496.9 216.68
78600000 311.166 -75.0178 95048.6 -20499 214.098
78700000 309.146 -223.034 95094.7 -20497.6 212.708
78800000 313.138 -269.609 95048 -20501.5 215.455
78900000 301.32 393.898 94986.2 -20497.5 207.324
79000000 307.3 8.55681 95030.9 -20500 211.438
79100000 302.686 -447.351 95089.2 -20501.7 208.263
79200000 308.826 -360.571 95029.7 -20503 212.488
79300000 304.834 496.624 94948.7 -20503.6 209.742
79400000 308.075 -5.27554 94998.6 -20506.1 211.972
79500000 306.041 -505.239 95069.5 -20504.5 210.572
79600000 298.435 -139.44 95011.2 -20504.2 205.339
79700000 302.383 154.712 94924 -20510.2 208.055
79800000 300.92 177.675 94972 -20507.8 207.048
79900000 302.105 -325.325 95045.1 -20504.4 207.864
80000000 303.244 29.5674 94984.8 -20509 208.647
